#osci	iMeasureCycle=1	iMux=0	time=0	N=699	LocalTime=03/11/2021 19:13:26
#VGate(V)	IGate(A)	time(s)	VDrain(V)	IDrain(A)	time(s)
9.99999	2.30514E-08	0.08598	1E-07	-1.54E-12	0.08598
9.99999	2.11858E-08	0.151352	-1E-07	-1.7E-12	0.151352
9.99999	2.0367E-08	0.190809	-1E-07	-1.54E-12	0.190809
9.99999	1.97023E-08	0.233159	1E-07	-1.73E-12	0.233159
9.99999	1.88925E-08	0.291705	1E-07	-1.81E-12	0.291705
9.99999	1.83301E-08	0.343639	0	-1.65E-12	0.343639
9.99999	1.80797E-08	0.371934	-3E-07	-1.41E-12	0.371934
9.99999	1.78454E-08	0.400165	1E-07	-1.72E-12	0.400165
9.99999	1.75128E-08	0.43956	2E-07	-1.58E-12	0.43956
9.99999	1.73102E-08	0.467783	1E-07	-1.6E-12	0.467783
9.99999	1.71349E-08	0.495917	-1E-07	-1.69E-12	0.495917
9.99999	1.68431E-08	0.54617	0	-1.76E-12	0.54617
9.99999	1.65901E-08	0.595597	0	-1.63E-12	0.595597
9.99999	1.63991E-08	0.645917	-1E-07	-1.91E-12	0.645917
9.99999	1.6172E-08	0.698911	1E-07	-1.88E-12	0.698911
9.99999	1.59984E-08	0.746182	-3E-07	-1.56E-12	0.746182
9.99999	1.58208E-08	0.795848	1E-07	-1.58E-12	0.795848
9.99999	1.56798E-08	0.84613	0	-1.75E-12	0.84613
9.99999	1.555E-08	0.896114	2E-07	-1.87E-12	0.896114
9.99999	1.53964E-08	0.946206	1E-07	-1.75E-12	0.946206
9.99999	1.52628E-08	0.995747	0	-1.74E-12	0.995747
9.99999	1.51584E-08	1.045534	0	-1.63E-12	1.045534
9.99999	1.5059E-08	1.096168	0	-1.84E-12	1.096168
9.99999	1.49485E-08	1.145755	1E-07	-1.69E-12	1.145755
9.99999	1.48689E-08	1.195856	-1E-07	-1.96E-12	1.195856
9.99999	1.47721E-08	1.245747	-1E-07	-1.7E-12	1.245747
9.99999	1.46836E-08	1.296112	-2E-07	-1.57E-12	1.296112
9.99999	1.46175E-08	1.34571	0	-1.5E-12	1.34571
9.99999	1.45593E-08	1.396231	1E-07	-1.6E-12	1.396231
9.99999	1.44624E-08	1.447323	1E-07	-1.81E-12	1.447323
9.99999	1.44036E-08	1.497816	1E-07	-1.7E-12	1.497816
9.99999	1.43316E-08	1.548576	1E-07	-1.6E-12	1.548576
9.99999	1.42919E-08	1.599657	-1E-07	-1.76E-12	1.599657
9.99999	1.42398E-08	1.650905	0	-1.73E-12	1.650905
9.99999	1.41732E-08	1.700821	1E-07	-1.89E-12	1.700821
9.99999	1.41207E-08	1.751357	-1E-07	-1.71E-12	1.751357
9.99999	1.40841E-08	1.80233	1E-07	-1.79E-12	1.80233
9.99999	1.40214E-08	1.851701	-1E-07	-1.6E-12	1.851701
9.99999	1.39756E-08	1.90217	3E-07	-1.63E-12	1.90217
9.99999	1.3938E-08	1.951827	0	-1.81E-12	1.951827
9.99999	1.39056E-08	2.001759	-1E-07	-1.54E-12	2.001759
9.99999	1.38752E-08	2.051538	1E-07	-1.92E-12	2.051538
9.99999	1.3825E-08	2.101572	-1E-07	-1.43E-12	2.101572
9.99999	1.38086E-08	2.152666	2E-07	-1.37E-12	2.152666
9.99999	1.37604E-08	2.202934	0	-1.77E-12	2.202934
9.99999	1.37241E-08	2.252474	0	-1.45E-12	2.252474
9.99999	1.37057E-08	2.302923	-1E-07	-1.59E-12	2.302923
9.99999	1.3676E-08	2.352434	-2E-07	-1.67E-12	2.352434
9.99999	1.36299E-08	2.402942	3E-07	-1.57E-12	2.402942
9.99999	1.35889E-08	2.452394	1E-07	-1.58E-12	2.452394
9.99999	1.3573E-08	2.502592	1E-07	-1.45E-12	2.502592
9.99999	1.35526E-08	2.554004	0	-1.41E-12	2.554004
9.99999	1.35286E-08	2.603667	2E-07	-1.72E-12	2.603667
9.99999	1.3515E-08	2.654292	0	-1.38E-12	2.654292
9.99999	1.34671E-08	2.703385	2E-07	-1.21E-12	2.703385
9.99999	1.34346E-08	2.753589	1E-07	-1.37E-12	2.753589
9.99999	1.34126E-08	2.804164	0	-1.82E-12	2.804164
9.99999	1.34064E-08	2.854001	1E-07	-1.55E-12	2.854001
9.99999	1.33914E-08	2.904318	0	-1.48E-12	2.904318
9.99999	1.33612E-08	2.954251	0	-1.7E-12	2.954251
9.99999	1.33323E-08	3.003409	0	-1.3E-12	3.003409
9.99999	1.32902E-08	3.05419	-2E-07	-1.64E-12	3.05419
9.99999	1.3281E-08	3.104418	0	-1.73E-12	3.104418
9.99999	1.32809E-08	3.154524	-1E-07	-1.71E-12	3.154524
9.99999	1.32509E-08	3.203812	4E-07	-1.79E-12	3.203812
9.99999	1.32344E-08	3.254142	0	-1.29E-12	3.254142
9.99999	1.32071E-08	3.304007	-1E-07	-1.28E-12	3.304007
9.99999	1.31825E-08	3.353516	-1E-07	-1.53E-12	3.353516
9.99999	1.31887E-08	3.403573	1E-07	-1.59E-12	3.403573
9.99999	1.31661E-08	3.454159	0	-1.6E-12	3.454159
9.99999	1.31471E-08	3.504339	-1E-07	-1.52E-12	3.504339
9.99999	1.31128E-08	3.554172	2E-07	-1.37E-12	3.554172
9.99999	1.31121E-08	3.604278	0	-1.62E-12	3.604278
9.99999	1.30668E-08	3.654136	0	-1.74E-12	3.654136
9.99999	1.3069E-08	3.704061	1E-07	-1.53E-12	3.704061
9.99999	1.30568E-08	3.753436	1E-07	-1.62E-12	3.753436
9.99999	1.3021E-08	3.803439	0	-1.26E-12	3.803439
9.99999	1.30061E-08	3.854178	1E-07	-1.61E-12	3.854178
9.99999	1.30037E-08	3.904115	0	-1.44E-12	3.904115
9.99999	1.29959E-08	3.95378	2E-07	-1.64E-12	3.95378
9.99999	1.299E-08	4.004122	-1E-07	-1.86E-12	4.004122
9.99999	1.29759E-08	4.054188	0	-1.74E-12	4.054188
9.99999	1.29232E-08	4.104317	0	-1.68E-12	4.104317
9.99999	1.29257E-08	4.155236	-1E-07	-1.52E-12	4.155236
9.99999	1.2922E-08	4.204503	0	-1.45E-12	4.204503
9.99999	1.29247E-08	4.254677	0	-1.67E-12	4.254677
9.99999	1.29226E-08	4.304643	0	-1.84E-12	4.304643
9.99999	1.28964E-08	4.354656	0	-1.64E-12	4.354656
9.99999	1.28796E-08	4.404678	-2E-07	-1.3E-12	4.404678
9.99999	1.2877E-08	4.454528	0	-1.6E-12	4.454528
9.99999	1.28575E-08	4.505813	1E-07	-1.24E-12	4.505813
9.99999	1.28318E-08	4.555796	1E-07	-1.68E-12	4.555796
9.99999	1.28435E-08	4.605472	1E-07	-1.98E-12	4.605472
9.99999	1.28559E-08	4.656626	0	-1.63E-12	4.656626
9.99999	1.28593E-08	4.706548	0	-1.74E-12	4.706548
9.99999	1.28762E-08	4.756902	-1E-07	-1.58E-12	4.756902
9.99999	1.28671E-08	4.806866	2E-07	-1.68E-12	4.806866
9.99999	1.28156E-08	4.857689	2E-07	-1.96E-12	4.857689
9.99999	1.27803E-08	4.908558	-2E-07	-1.39E-12	4.908558
10	3.44326E-07	4.968526	1E-07	-1.68E-12	4.968526
10	3.14719E-07	5.032088	1E-07	-1.53E-12	5.032088
10	3.06801E-07	5.060652	3E-07	-1.64E-12	5.060652
10	2.96753E-07	5.110623	0	-1.56E-12	5.110623
10	2.88689E-07	5.162016	0	-1.42E-12	5.162016
10	2.82579E-07	5.212377	0	-1.59E-12	5.212377
10	2.77678E-07	5.263379	0	-1.76E-12	5.263379
10	2.75386E-07	5.313036	-1E-07	-1.67E-12	5.313036
10	2.70763E-07	5.36293	-1E-07	-1.41E-12	5.36293
10	2.68748E-07	5.412564	1E-07	-1.43E-12	5.412564
10	2.67753E-07	5.463232	1E-07	-1.53E-12	5.463232
10	2.65278E-07	5.513029	1E-07	-1.88E-12	5.513029
10	2.64986E-07	5.56277	0	-1.52E-12	5.56277
10	2.62702E-07	5.613379	-1E-07	-1.37E-12	5.613379
10	2.62097E-07	5.663318	1E-07	-1.41E-12	5.663318
10	2.61607E-07	5.713349	0	-1.52E-12	5.713349
10	2.60531E-07	5.762968	0	-1.57E-12	5.762968
10	2.60563E-07	5.813068	3E-07	-1.47E-12	5.813068
10	2.60199E-07	5.863019	1E-07	-1.59E-12	5.863019
10	2.59482E-07	5.91287	1E-07	-1.59E-12	5.91287
10	2.57704E-07	5.962795	1E-07	-1.42E-12	5.962795
10	2.57135E-07	6.013429	3E-07	-1.7E-12	6.013429
10	2.57069E-07	6.06398	0	-1.15E-12	6.06398
10	2.56713E-07	6.171418	0	-1.64E-12	6.171418
10	2.56801E-07	6.200293	1E-07	-1.47E-12	6.200293
10	2.56384E-07	6.228322	-1E-07	-1.42E-12	6.228322
10	2.56048E-07	6.263463	2E-07	-1.6E-12	6.263463
10	2.57301E-07	6.314379	0	-1.5E-12	6.314379
10	2.57454E-07	6.364831	1E-07	-1.69E-12	6.364831
10	2.5797E-07	6.414673	-1E-07	-1.36E-12	6.414673
10	2.59635E-07	6.465384	0	-1.51E-12	6.465384
10	2.60328E-07	6.515559	1E-07	-1.62E-12	6.515559
10	2.60933E-07	6.566333	1E-07	-1.57E-12	6.566333
10	2.62076E-07	6.615483	3E-07	-1.5E-12	6.615483
10	2.61735E-07	6.673302	1E-07	-1.44E-12	6.673302
10	2.61436E-07	6.715909	2E-07	-1.75E-12	6.715909
10	2.63374E-07	6.765646	-1E-07	-1.39E-12	6.765646
10	2.65206E-07	6.816803	1E-07	-1.76E-12	6.816803
10	2.66182E-07	6.866875	1E-07	-1.27E-12	6.866875
10	2.69075E-07	6.91653	0	-1.12E-12	6.91653
10	2.58447E-07	6.967517	0	-1.75E-12	6.967517
10	2.54918E-07	7.018566	1E-07	-1.29E-12	7.018566
10	2.55058E-07	7.069609	2E-07	-1.62E-12	7.069609
10	2.58579E-07	7.120504	-1E-07	-1.65E-12	7.120504
10	2.61463E-07	7.171001	0	-1.75E-12	7.171001
10	2.5975E-07	7.220621	2E-07	-1.49E-12	7.220621
10	2.59081E-07	7.270562	0	-1.94E-12	7.270562
10	2.58231E-07	7.32068	-3E-07	-1.57E-12	7.32068
10	2.59141E-07	7.370555	-1E-07	-1.72E-12	7.370555
10	2.57729E-07	7.420884	-1E-07	-1.38E-12	7.420884
10	2.55391E-07	7.472075	1E-07	-1.32E-12	7.472075
10	2.54073E-07	7.521897	-2E-07	-1.43E-12	7.521897
10	2.56379E-07	7.571449	0	-1.55E-12	7.571449
10	2.53253E-07	7.622097	0	-1.54E-12	7.622097
10	2.53415E-07	7.671506	0	-1.78E-12	7.671506
10	2.54514E-07	7.721806	0	-1.63E-12	7.721806
10	2.55559E-07	7.771483	1E-07	-1.64E-12	7.771483
10	2.55398E-07	7.821485	0	-1.76E-12	7.821485
10	2.56723E-07	7.87193	0	-1.5E-12	7.87193
10	2.57168E-07	7.921559	1E-07	-1.52E-12	7.921559
10	2.56017E-07	7.97209	-1E-07	-1.69E-12	7.97209
10	2.56478E-07	8.022567	1E-07	-1.41E-12	8.022567
10	2.55811E-07	8.072072	-1E-07	-1.5E-12	8.072072
10	2.5606E-07	8.122559	2E-07	-1.55E-12	8.122559
10	2.57013E-07	8.172578	2E-07	-1.58E-12	8.172578
10	2.57988E-07	8.222609	1E-07	-1.86E-12	8.222609
10	2.58806E-07	8.273267	0	-1.51E-12	8.273267
10	2.58977E-07	8.323331	1E-07	-1.95E-12	8.323331
10	2.6055E-07	8.373215	2E-07	-1.59E-12	8.373215
10	2.61505E-07	8.422838	2E-07	-1.51E-12	8.422838
10	2.61155E-07	8.47259	1E-07	-1.97E-12	8.47259
10	2.61823E-07	8.523029	0	-1.81E-12	8.523029
10	2.62387E-07	8.572751	1E-07	-1.57E-12	8.572751
10	2.63004E-07	8.62314	1E-07	-1.79E-12	8.62314
10	2.61451E-07	8.672962	0	-1.64E-12	8.672962
10	2.58511E-07	8.722566	1E-07	-1.54E-12	8.722566
10	2.58852E-07	8.773297	1E-07	-1.67E-12	8.773297
10	2.57713E-07	8.822677	1E-07	-1.73E-12	8.822677
10	2.5602E-07	8.872742	0	-1.59E-12	8.872742
10	2.55466E-07	8.922706	2E-07	-1.62E-12	8.922706
10	2.56943E-07	8.973227	0	-1.46E-12	8.973227
10	2.57109E-07	9.023164	0	-1.65E-12	9.023164
10	2.57231E-07	9.072606	1E-07	-1.26E-12	9.072606
10	2.55281E-07	9.122582	2E-07	-1.74E-12	9.122582
10	2.55325E-07	9.172974	1E-07	-1.51E-12	9.172974
10	2.56197E-07	9.223105	2E-07	-1.69E-12	9.223105
10	2.56574E-07	9.272779	0	-1.8E-12	9.272779
10	2.58349E-07	9.32273	2E-07	-1.5E-12	9.32273
10	2.57236E-07	9.373336	-2E-07	-1.45E-12	9.373336
10	2.58385E-07	9.423843	0	-1.78E-12	9.423843
10	2.5696E-07	9.473754	1E-07	-1.58E-12	9.473754
10	2.57885E-07	9.52361	1E-07	-1.43E-12	9.52361
10	2.59292E-07	9.574096	-1E-07	-1.46E-12	9.574096
10	2.59043E-07	9.624198	2E-07	-1.41E-12	9.624198
10	2.61172E-07	9.673979	2E-07	-1.55E-12	9.673979
10	2.61297E-07	9.7238	0	-1.66E-12	9.7238
10	2.60252E-07	9.774161	1E-07	-1.51E-12	9.774161
10	2.62551E-07	9.824079	1E-07	-1.92E-12	9.824079
10	2.61851E-07	9.873952	0	-1.67E-12	9.873952
10	2.61708E-07	9.923553	0	-1.53E-12	9.923553
10	8.9447E-08	9.974227	-1E-07	-1.63E-12	9.974227
10.00002	2.0351E-08	10.04163	-1E-07	-1.65E-12	10.04163
10.00001	1.68363E-08	10.075294	0	-1.72E-12	10.075294
10	1.49447E-08	10.126551	2E-07	-1.68E-12	10.126551
10	1.4533E-08	10.177304	-1E-07	-1.63E-12	10.177304
10	1.43523E-08	10.227383	1E-07	-1.85E-12	10.227383
10	1.43184E-08	10.278323	2E-07	-1.84E-12	10.278323
10	1.41868E-08	10.330285	0	-1.96E-12	10.330285
10	1.42337E-08	10.381092	0	-1.69E-12	10.381092
10	1.40929E-08	10.430664	1E-07	-1.71E-12	10.430664
10	1.39734E-08	10.481306	-1E-07	-1.57E-12	10.481306
10	1.39253E-08	10.530485	1E-07	-1.7E-12	10.530485
10	1.40339E-08	10.581015	0	-1.86E-12	10.581015
10	1.39075E-08	10.631055	1E-07	-1.74E-12	10.631055
10	1.38504E-08	10.680847	2E-07	-1.71E-12	10.680847
10	1.37229E-08	10.731021	-1E-07	-1.5E-12	10.731021
10	1.38656E-08	10.780782	1E-07	-1.58E-12	10.780782
10	1.40318E-08	10.831013	0	-1.64E-12	10.831013
10	1.39738E-08	10.880769	1E-07	-1.77E-12	10.880769
10	1.38054E-08	10.931031	-1E-07	-1.71E-12	10.931031
10	1.37215E-08	10.980926	-2E-07	-1.43E-12	10.980926
10	1.36635E-08	11.031175	1E-07	-1.5E-12	11.031175
10	1.37115E-08	11.080936	1E-07	-1.6E-12	11.080936
10	1.38135E-08	11.131121	1E-07	-1.67E-12	11.131121
10	1.35674E-08	11.180822	0	-1.68E-12	11.180822
10	1.36532E-08	11.231011	0	-1.47E-12	11.231011
10	1.36278E-08	11.28075	-1E-07	-1.71E-12	11.28075
10	1.37882E-08	11.331285	1E-07	-1.62E-12	11.331285
10	1.37009E-08	11.381046	1E-07	-1.58E-12	11.381046
10	1.39015E-08	11.431274	1E-07	-1.45E-12	11.431274
10	1.3562E-08	11.480764	1E-07	-1.67E-12	11.480764
10	1.34845E-08	11.531086	1E-07	-1.49E-12	11.531086
10	1.34085E-08	11.58179	0	-1.69E-12	11.58179
10	1.35559E-08	11.631913	1E-07	-1.76E-12	11.631913
10	1.34076E-08	11.682528	2E-07	-1.56E-12	11.682528
10	1.34773E-08	11.73175	-1E-07	-1.63E-12	11.73175
10	1.35305E-08	11.781415	1E-07	-1.75E-12	11.781415
10	1.34868E-08	11.831383	-1E-07	-1.76E-12	11.831383
10	1.36083E-08	11.881448	0	-1.88E-12	11.881448
10	1.35747E-08	11.931512	1E-07	-1.78E-12	11.931512
10	1.33603E-08	11.981519	1E-07	-1.94E-12	11.981519
10	1.33906E-08	12.031898	1E-07	-1.58E-12	12.031898
10	1.33419E-08	12.081473	0	-1.53E-12	12.081473
10	1.34314E-08	12.13172	-1E-07	-1.63E-12	12.13172
10	1.3229E-08	12.182378	-2E-07	-1.64E-12	12.182378
10	1.32793E-08	12.232637	-2E-07	-1.63E-12	12.232637
10	1.33181E-08	12.283155	-3E-07	-1.65E-12	12.283155
10	1.33017E-08	12.333161	1E-07	-1.51E-12	12.333161
10	1.32188E-08	12.382747	2E-07	-1.91E-12	12.382747
10	1.32467E-08	12.433853	1E-07	-1.47E-12	12.433853
10	1.33084E-08	12.483591	2E-07	-1.72E-12	12.483591
10	1.32644E-08	12.533934	2E-07	-1.55E-12	12.533934
10	1.33873E-08	12.583595	1E-07	-1.65E-12	12.583595
10	1.3369E-08	12.6339	0	-1.72E-12	12.6339
10	1.32857E-08	12.683856	0	-1.71E-12	12.683856
10	1.31565E-08	12.734472	-1E-07	-1.63E-12	12.734472
10	1.31428E-08	12.784964	0	-1.97E-12	12.784964
10	1.3309E-08	12.835279	-1E-07	-1.56E-12	12.835279
10	1.31956E-08	12.887122	-2E-07	-1.46E-12	12.887122
10	1.32205E-08	12.937267	-1E-07	-1.62E-12	12.937267
10	1.30549E-08	12.988623	-2E-07	-1.87E-12	12.988623
10	1.30424E-08	13.03965	0	-1.54E-12	13.03965
10	1.31178E-08	13.089871	1E-07	-1.77E-12	13.089871
10	1.2903E-08	13.158546	0	-1.56E-12	13.158546
10	1.27818E-08	13.190971	-2E-07	-1.41E-12	13.190971
10	1.29121E-08	13.241123	0	-1.75E-12	13.241123
10	1.28271E-08	13.290775	0	-1.6E-12	13.290775
10	1.29074E-08	13.340876	-1E-07	-1.88E-12	13.340876
10	1.27298E-08	13.390627	2E-07	-1.91E-12	13.390627
10	1.2738E-08	13.440724	1E-07	-1.33E-12	13.440724
10	1.27535E-08	13.490504	2E-07	-1.49E-12	13.490504
10	1.27395E-08	13.540564	0	-1.55E-12	13.540564
10	1.27905E-08	13.590779	3E-07	-1.54E-12	13.590779
10	1.27476E-08	13.640737	-2E-07	-1.52E-12	13.640737
10	1.2862E-08	13.690595	0	-1.65E-12	13.690595
10	1.29002E-08	13.740869	-2E-07	-1.82E-12	13.740869
10	1.30239E-08	13.790503	-1E-07	-1.82E-12	13.790503
10	1.28604E-08	13.841093	1E-07	-1.67E-12	13.841093
10	1.2811E-08	13.890896	2E-07	-1.38E-12	13.890896
10	1.28631E-08	13.940906	0	-1.51E-12	13.940906
10	1.28222E-08	13.99077	0	-1.2E-12	13.99077
10	1.3035E-08	14.040941	0	-1.6E-12	14.040941
10	1.27221E-08	14.090565	2E-07	-1.62E-12	14.090565
10	1.2549E-08	14.141107	0	-1.78E-12	14.141107
10	1.2738E-08	14.191828	-1E-07	-1.61E-12	14.191828
10	1.2603E-08	14.241945	-1E-07	-1.28E-12	14.241945
10	1.27262E-08	14.291362	1E-07	-1.32E-12	14.291362
10	1.26069E-08	14.341511	-3E-07	-1.43E-12	14.341511
10	1.2651E-08	14.392003	0	-1.83E-12	14.392003
10	1.27E-08	14.44311	0	-1.62E-12	14.44311
10	1.26094E-08	14.492821	-1E-07	-1.47E-12	14.492821
10	1.2621E-08	14.543364	0	-1.29E-12	14.543364
10	1.25028E-08	14.595119	1E-07	-1.46E-12	14.595119
10	1.25242E-08	14.662837	0	-1.57E-12	14.662837
10	1.25198E-08	14.695192	0	-1.42E-12	14.695192
10	1.2545E-08	14.745234	2E-07	-1.67E-12	14.745234
10	1.25418E-08	14.794991	3E-07	-1.5E-12	14.794991
10	1.2584E-08	14.845389	-1E-07	-1.28E-12	14.845389
10	1.26152E-08	14.896322	1E-07	-1.61E-12	14.896322
10	1.25637E-08	14.946869	0	-1.34E-12	14.946869
10	1.25668E-08	14.996599	1E-07	-1.83E-12	14.996599
10	1.25581E-08	15.046797	-2E-07	-1.74E-12	15.046797
10	3.0809E-07	15.142487	3E-07	-1.66E-12	15.142487
10	2.94203E-07	15.175735	1E-07	-1.44E-12	15.175735
10	2.84812E-07	15.204595	0	-1.3E-12	15.204595
10	2.79246E-07	15.246368	-1E-07	-1.6E-12	15.246368
10	2.73824E-07	15.297064	0	-1.56E-12	15.297064
10	2.71238E-07	15.347089	1E-07	-1.42E-12	15.347089
10	2.69884E-07	15.39687	-1E-07	-1.49E-12	15.39687
10	2.66743E-07	15.446503	1E-07	-1.64E-12	15.446503
10	2.66186E-07	15.497175	0	-1.49E-12	15.497175
10	2.67061E-07	15.547529	1E-07	-1.34E-12	15.547529
10	2.64851E-07	15.597201	2E-07	-1.59E-12	15.597201
10	2.61104E-07	15.66547	0	-1.56E-12	15.66547
10	2.6112E-07	15.698171	0	-1.74E-12	15.698171
10	2.60917E-07	15.748489	-1E-07	-1.45E-12	15.748489
10	2.62753E-07	15.798486	2E-07	-1.56E-12	15.798486
10	2.65355E-07	15.849495	-1E-07	-1.28E-12	15.849495
10	2.67605E-07	15.899554	1E-07	-1.61E-12	15.899554
10	2.65387E-07	15.949553	0	-1.51E-12	15.949553
10	2.65663E-07	16.000544	1E-07	-1.55E-12	16.000544
10	2.66158E-07	16.050746	0	-1.59E-12	16.050746
10	2.60109E-07	16.100556	-1E-07	-1.57E-12	16.100556
10	2.63122E-07	16.196928	0	-1.75E-12	16.196928
10	2.62879E-07	16.225589	1E-07	-1.5E-12	16.225589
10	2.66106E-07	16.253462	3E-07	-1.84E-12	16.253462
10	2.64304E-07	16.300829	1E-07	-1.41E-12	16.300829
10	2.60165E-07	16.351658	0	-1.24E-12	16.351658
10	2.61144E-07	16.40216	1E-07	-1.76E-12	16.40216
10	2.6514E-07	16.452188	-1E-07	-1.54E-12	16.452188
10	2.65645E-07	16.501818	0	-1.5E-12	16.501818
10	2.63149E-07	16.552093	1E-07	-1.5E-12	16.552093
10	2.60234E-07	16.601556	-1E-07	-1.32E-12	16.601556
10	2.67727E-07	16.680513	1E-07	-1.61E-12	16.680513
10	2.63828E-07	16.709222	1E-07	-1.3E-12	16.709222
10	2.63756E-07	16.752602	0	-1.18E-12	16.752602
10	2.60053E-07	16.803328	-1E-07	-1.23E-12	16.803328
10	2.60411E-07	16.854113	0	-1.56E-12	16.854113
10	2.59526E-07	16.903817	1E-07	-1.41E-12	16.903817
10	2.5848E-07	16.9543	-1E-07	-1.3E-12	16.9543
10	2.59386E-07	17.004943	1E-07	-1.45E-12	17.004943
10	2.60543E-07	17.055348	1E-07	-1.43E-12	17.055348
10	2.57568E-07	17.106102	1E-07	-1.42E-12	17.106102
10	2.55791E-07	17.186909	1E-07	-1.39E-12	17.186909
10	2.54778E-07	17.215642	0	-1.64E-12	17.215642
10	2.54088E-07	17.255611	3E-07	-1.57E-12	17.255611
10	2.53658E-07	17.306146	1E-07	-1.48E-12	17.306146
10	2.57386E-07	17.356177	-1E-07	-1.23E-12	17.356177
10	2.55685E-07	17.405923	1E-07	-1.55E-12	17.405923
10	2.58277E-07	17.455723	-1E-07	-1.38E-12	17.455723
10	2.61121E-07	17.505517	-3E-07	-1.61E-12	17.505517
10	2.63014E-07	17.556486	1E-07	-1.66E-12	17.556486
10	2.64439E-07	17.606222	2E-07	-1.51E-12	17.606222
10	2.62869E-07	17.68824	0	-1.72E-12	17.68824
10	2.61754E-07	17.716783	0	-1.48E-12	17.716783
10	2.63887E-07	17.75623	1E-07	-1.26E-12	17.75623
10	2.66977E-07	17.806087	-1E-07	-1.53E-12	17.806087
10	2.66783E-07	17.855803	1E-07	-1.47E-12	17.855803
10	2.68882E-07	17.90551	2E-07	-1.41E-12	17.90551
10	2.68094E-07	17.956232	-1E-07	-1.3E-12	17.956232
10	2.70787E-07	18.006319	0	-1.44E-12	18.006319
10	2.69028E-07	18.057256	0	-1.56E-12	18.057256
10	2.69781E-07	18.106897	2E-07	-1.41E-12	18.106897
10	2.66466E-07	18.185254	0	-1.41E-12	18.185254
10	2.68621E-07	18.213912	0	-1.11E-12	18.213912
10	2.65073E-07	18.256534	-1E-07	-1.49E-12	18.256534
10	2.65631E-07	18.307279	0	-1.56E-12	18.307279
10	2.61785E-07	18.357472	-1E-07	-1.55E-12	18.357472
10	2.579E-07	18.408516	0	-1.56E-12	18.408516
10	2.58043E-07	18.45961	0	-1.82E-12	18.45961
10	2.54565E-07	18.510558	0	-1.4E-12	18.510558
10	2.5922E-07	18.561669	0	-1.63E-12	18.561669
10	2.63112E-07	18.612279	-1E-07	-1.37E-12	18.612279
10	2.64914E-07	18.690809	1E-07	-1.24E-12	18.690809
10	2.63269E-07	18.71969	0	-1.69E-12	18.71969
10	2.61842E-07	18.761566	2E-07	-1.5E-12	18.761566
10	2.62651E-07	18.812211	0	-1.51E-12	18.812211
10	2.60528E-07	18.862539	0	-1.39E-12	18.862539
10	2.60028E-07	18.913046	-2E-07	-1.7E-12	18.913046
10	2.59074E-07	18.963041	-1E-07	-1.07E-12	18.963041
10	2.5992E-07	19.131012	0	-1.68E-12	19.131012
10	2.60197E-07	19.192014	1E-07	-1.45E-12	19.192014
10	2.58531E-07	19.2201	1E-07	-1.88E-12	19.2201
10	2.57951E-07	19.248524	-1E-07	-1.37E-12	19.248524
10	2.55512E-07	19.279256	1E-07	-1.62E-12	19.279256
10	2.56533E-07	19.30762	2E-07	-1.45E-12	19.30762
10	2.57512E-07	19.335745	0	-1.42E-12	19.335745
10	2.5647E-07	19.363355	0	-1.36E-12	19.363355
10	2.5417E-07	19.412612	0	-1.58E-12	19.412612
10	2.57217E-07	19.463242	2E-07	-1.74E-12	19.463242
10	2.5645E-07	19.512979	-1E-07	-1.3E-12	19.512979
10	2.56498E-07	19.563295	1E-07	-1.43E-12	19.563295
10	2.57727E-07	19.612659	-1E-07	-1.36E-12	19.612659
10	2.53613E-07	19.693435	0	-1.54E-12	19.693435
10	2.56237E-07	19.72234	0	-1.74E-12	19.72234
10	2.60564E-07	19.76307	1E-07	-1.62E-12	19.76307
10	2.69389E-07	19.812603	1E-07	-1.36E-12	19.812603
10	2.70152E-07	19.8625	-1E-07	-1.33E-12	19.8625
10	1.07933E-07	19.913027	-1E-07	-1.77E-12	19.913027
10.00002	2.03855E-08	19.979885	2E-07	-1.43E-12	19.979885
10.00001	1.60456E-08	20.013572	-1E-07	-1.61E-12	20.013572
10.00001	1.40742E-08	20.064397	1E-07	-1.6E-12	20.064397
10	1.34541E-08	20.11502	1E-07	-1.65E-12	20.11502
10	1.33393E-08	20.197629	0	-1.16E-12	20.197629
10	1.32926E-08	20.22683	0	-1.51E-12	20.22683
10	1.32425E-08	20.265106	2E-07	-1.26E-12	20.265106
10	1.32315E-08	20.314849	-1E-07	-1.44E-12	20.314849
10	1.32318E-08	20.365001	-1E-07	-1.37E-12	20.365001
10	1.31526E-08	20.4149	-1E-07	-1.78E-12	20.4149
10	1.31286E-08	20.464989	1E-07	-1.6E-12	20.464989
10	1.31321E-08	20.514535	2E-07	-1.49E-12	20.514535
10	1.31856E-08	20.56469	3E-07	-2.07E-12	20.56469
10	1.33741E-08	20.742054	-1E-07	-1.47E-12	20.742054
10	1.35121E-08	20.770135	1E-07	-1.46E-12	20.770135
10	1.33494E-08	20.798089	1E-07	-1.43E-12	20.798089
10	1.33539E-08	20.826097	1E-07	-1.41E-12	20.826097
10	1.3355E-08	20.853898	1E-07	-1.43E-12	20.853898
10	1.33439E-08	20.88226	1E-07	-1.33E-12	20.88226
10	1.32518E-08	20.91493	2E-07	-1.58E-12	20.91493
10	1.32854E-08	20.964726	2E-07	-1.02E-12	20.964726
10	1.33258E-08	21.01489	0	-1.44E-12	21.01489
10	1.32935E-08	21.064994	0	-1.43E-12	21.064994
10	1.32994E-08	21.11461	1E-07	-1.51E-12	21.11461
10	1.34724E-08	21.197532	0	-1.58E-12	21.197532
10	1.33691E-08	21.226307	0	-1.5E-12	21.226307
10	1.33421E-08	21.264289	-1E-07	-1.54E-12	21.264289
10	1.33429E-08	21.315017	-2E-07	-1.43E-12	21.315017
10	1.32821E-08	21.365009	1E-07	-1.78E-12	21.365009
10	1.31558E-08	21.414477	-1E-07	-1.37E-12	21.414477
10	1.33113E-08	21.464634	0	-1.35E-12	21.464634
10	1.31934E-08	21.514416	0	-1.71E-12	21.514416
10	1.33104E-08	21.564526	1E-07	-1.16E-12	21.564526
10	1.32045E-08	21.615133	-2E-07	-1.35E-12	21.615133
10	1.31833E-08	21.698787	0	-1.55E-12	21.698787
10	1.31197E-08	21.727578	1E-07	-1.52E-12	21.727578
10	1.31838E-08	21.764809	-2E-07	-1.63E-12	21.764809
10	1.30829E-08	21.815323	-1E-07	-1.56E-12	21.815323
10	1.32117E-08	21.866053	0	-1.56E-12	21.866053
10	1.30956E-08	21.916805	0	-1.66E-12	21.916805
10	1.30916E-08	21.967185	2E-07	-1.44E-12	21.967185
10	1.28992E-08	22.016543	2E-07	-1.48E-12	22.016543
10	1.31128E-08	22.066724	2E-07	-1.9E-12	22.066724
10	1.31376E-08	22.117212	0	-1.37E-12	22.117212
10	1.30042E-08	22.200275	3E-07	-1.5E-12	22.200275
10	1.30635E-08	22.229117	1E-07	-1.8E-12	22.229117
10	1.31123E-08	22.26849	0	-1.38E-12	22.26849
10	1.31605E-08	22.319605	-2E-07	-1.24E-12	22.319605
10	1.30375E-08	22.370497	-1E-07	-1.67E-12	22.370497
10	1.30984E-08	22.42123	-1E-07	-1.62E-12	22.42123
10	1.32348E-08	22.470508	1E-07	-1.62E-12	22.470508
10	1.316E-08	22.520612	0	-1.76E-12	22.520612
10	1.30841E-08	22.570759	-2E-07	-1.36E-12	22.570759
10	1.30767E-08	22.621255	3E-07	-1.31E-12	22.621255
10	1.30477E-08	22.701262	2E-07	-1.56E-12	22.701262
10	1.32302E-08	22.729809	1E-07	-1.56E-12	22.729809
10	1.30722E-08	22.772105	0	-1.38E-12	22.772105
10	1.31314E-08	22.82258	0	-1.54E-12	22.82258
10	1.31636E-08	22.872685	2E-07	-1.15E-12	22.872685
10	1.33391E-08	22.923188	0	-1.62E-12	22.923188
10	1.33053E-08	22.973184	0	-1.69E-12	22.973184
10	1.33192E-08	23.022991	1E-07	-1.43E-12	23.022991
10	1.33471E-08	23.073111	-1E-07	-1.3E-12	23.073111
10	1.32429E-08	23.122868	-2E-07	-1.51E-12	23.122868
10	1.30559E-08	23.202746	0	-1.61E-12	23.202746
10	1.29371E-08	23.231412	-1E-07	-1.6E-12	23.231412
10	1.29778E-08	23.273696	-1E-07	-1.45E-12	23.273696
10	1.28605E-08	23.323592	1E-07	-1.18E-12	23.323592
10	1.2817E-08	23.373732	0	-1.4E-12	23.373732
10	1.296E-08	23.42362	-1E-07	-1.71E-12	23.42362
10	1.31058E-08	23.47348	2E-07	-1.77E-12	23.47348
10	1.29631E-08	23.523973	2E-07	-1.33E-12	23.523973
10	1.30001E-08	23.574278	0	-1.63E-12	23.574278
10	1.30653E-08	23.623985	1E-07	-1.51E-12	23.623985
10	1.31594E-08	23.699631	1E-07	-1.59E-12	23.699631
10	1.30913E-08	23.728536	-1E-07	-1.47E-12	23.728536
10	1.29742E-08	23.774843	0	-1.5E-12	23.774843
10	1.28511E-08	23.824695	0	-1.34E-12	23.824695
10	1.28966E-08	23.874691	0	-1.38E-12	23.874691
10	1.28878E-08	23.924344	2E-07	-1.49E-12	23.924344
10	1.29323E-08	23.975603	0	-1.63E-12	23.975603
10	1.3037E-08	24.026581	0	-1.78E-12	24.026581
10	1.3029E-08	24.076938	-1E-07	-1.51E-12	24.076938
10	1.30783E-08	24.126526	-1E-07	-1.5E-12	24.126526
10	1.30795E-08	24.205069	1E-07	-1.75E-12	24.205069
10	1.30734E-08	24.23387	1E-07	-1.5E-12	24.23387
10	1.30147E-08	24.276934	-1E-07	-1.4E-12	24.276934
10	1.31066E-08	24.327343	-1E-07	-1.65E-12	24.327343
10	1.29414E-08	24.378048	1E-07	-1.48E-12	24.378048
10	1.31672E-08	24.428084	0	-1.51E-12	24.428084
10	1.29639E-08	24.478026	0	-1.16E-12	24.478026
10	1.28779E-08	24.527977	1E-07	-1.61E-12	24.527977
10	1.29803E-08	24.579089	2E-07	-1.43E-12	24.579089
10	1.29912E-08	24.629086	-2E-07	-1.73E-12	24.629086
10	1.30174E-08	24.706381	0	-1.4E-12	24.706381
10	1.30604E-08	24.735483	0	-1.41E-12	24.735483
10	1.3052E-08	24.779431	0	-1.3E-12	24.779431
10	1.31579E-08	24.83022	2E-07	-1.32E-12	24.83022
10	1.2996E-08	24.880287	1E-07	-1.53E-12	24.880287
10	1.29767E-08	24.930833	0	-1.75E-12	24.930833
10	1.3004E-08	24.981065	1E-07	-1.43E-12	24.981065
10	1.29992E-08	25.030715	1E-07	-1.25E-12	25.030715
10	1.27815E-08	25.080929	0	-1.81E-12	25.080929
10	1.34421E-08	25.130771	0	-1.6E-12	25.130771
10	3.1924E-07	25.253679	0	-1.32E-12	25.253679
10	3.06834E-07	25.285044	1E-07	-1.46E-12	25.285044
10	2.93342E-07	25.31363	0	-1.35E-12	25.31363
10	2.87325E-07	25.342009	-1E-07	-1.34E-12	25.342009
10	2.80707E-07	25.380824	1E-07	-1.45E-12	25.380824
10	2.75175E-07	25.431306	1E-07	-1.68E-12	25.431306
10	2.72803E-07	25.482072	1E-07	-1.35E-12	25.482072
10	2.70739E-07	25.531818	-1E-07	-1.49E-12	25.531818
10	2.70078E-07	25.581834	-1E-07	-1.32E-12	25.581834
10	2.68499E-07	25.632069	0	-1.42E-12	25.632069
10	2.69784E-07	25.707542	1E-07	-1.39E-12	25.707542
10	2.71683E-07	25.736245	1E-07	-1.52E-12	25.736245
10	2.69717E-07	25.781814	1E-07	-1.38E-12	25.781814
10	2.66739E-07	25.831586	-1E-07	-1.65E-12	25.831586
10	2.65637E-07	25.882084	0	-1.09E-12	25.882084
10	2.64296E-07	25.931776	-1E-07	-1.19E-12	25.931776
10	2.64488E-07	25.981983	1E-07	-1.37E-12	25.981983
10	2.63933E-07	26.032262	-1E-07	-1.61E-12	26.032262
10	2.62225E-07	26.081789	-1E-07	-1.21E-12	26.081789
10	2.6347E-07	26.131589	0	-1.37E-12	26.131589
10	2.63071E-07	26.205978	0	-1.66E-12	26.205978
10	2.62841E-07	26.234749	0	-1.24E-12	26.234749
10	2.61026E-07	26.281869	0	-1.46E-12	26.281869
10	2.60427E-07	26.332266	0	-1.38E-12	26.332266
10	2.6191E-07	26.382539	0	-1.65E-12	26.382539
10	2.63022E-07	26.433003	0	-1.42E-12	26.433003
10	2.6353E-07	26.482931	2E-07	-1.5E-12	26.482931
10	2.64363E-07	26.53246	0	-1.62E-12	26.53246
10	2.65854E-07	26.582925	-2E-07	-1.43E-12	26.582925
10	2.66742E-07	26.633271	-2E-07	-1.52E-12	26.633271
10	2.6378E-07	26.71167	1E-07	-1.48E-12	26.71167
10	2.64622E-07	26.74047	-1E-07	-1.36E-12	26.74047
10	2.6427E-07	26.783128	1E-07	-1.35E-12	26.783128
10	2.61747E-07	26.832746	2E-07	-1.5E-12	26.832746
10	2.62901E-07	26.88254	0	-1.45E-12	26.88254
10	2.64887E-07	26.933165	1E-07	-1.45E-12	26.933165
10	2.6295E-07	26.982904	0	-1.75E-12	26.982904
10	2.6304E-07	27.03248	-1E-07	-1.58E-12	27.03248
10	2.6247E-07	27.082549	1E-07	-1.7E-12	27.082549
10	2.62765E-07	27.132403	1E-07	-1.39E-12	27.132403
10	2.63474E-07	27.213011	1E-07	-1.09E-12	27.213011
10	2.63076E-07	27.241858	0	-1.06E-12	27.241858
10	2.65407E-07	27.282894	-1E-07	-1.42E-12	27.282894
10	2.65494E-07	27.333138	1E-07	-1.48E-12	27.333138
10	2.64153E-07	27.382514	0	-1.1E-12	27.382514
10	2.63575E-07	27.433125	0	-1.39E-12	27.433125
10	2.6556E-07	27.482532	2E-07	-1.67E-12	27.482532
10	2.66399E-07	27.533231	-1E-07	-1.62E-12	27.533231
10	2.68768E-07	27.58393	-2E-07	-1.64E-12	27.58393
10	2.64218E-07	27.633503	0	-1.45E-12	27.633503
10	2.64612E-07	27.714188	0	-1.61E-12	27.714188
10	2.64482E-07	27.742813	-1E-07	-1.47E-12	27.742813
10	2.65375E-07	27.784114	3E-07	-1.6E-12	27.784114
10	2.66465E-07	27.833835	0	-1.48E-12	27.833835
10	2.65088E-07	27.883417	2E-07	-1.43E-12	27.883417
10	2.64247E-07	27.934126	-1E-07	-1.45E-12	27.934126
10	2.63478E-07	27.984138	0	-1.37E-12	27.984138
10	2.62743E-07	28.033724	1E-07	-1.57E-12	28.033724
10	2.59668E-07	28.083972	2E-07	-1.43E-12	28.083972
10	2.58792E-07	28.133676	-1E-07	-1.12E-12	28.133676
10	2.6178E-07	28.21554	-1E-07	-1.57E-12	28.21554
10	2.61773E-07	28.244222	0	-1.6E-12	28.244222
10	2.60954E-07	28.28425	0	-1.35E-12	28.28425
10	2.60786E-07	28.333766	1E-07	-1.59E-12	28.333766
10	2.60514E-07	28.383901	1E-07	-1.47E-12	28.383901
10	2.61145E-07	28.433594	-1E-07	-1.52E-12	28.433594
10	2.60803E-07	28.48353	0	-1.55E-12	28.48353
10	2.61585E-07	28.5341	1E-07	-1.58E-12	28.5341
10	2.62808E-07	28.584176	0	-1.56E-12	28.584176
10	2.61678E-07	28.633763	0	-1.36E-12	28.633763
10	2.61438E-07	28.716704	0	-1.56E-12	28.716704
10	2.61263E-07	28.745249	1E-07	-1.52E-12	28.745249
10	2.61762E-07	28.783495	0	-1.58E-12	28.783495
10	2.59837E-07	28.834245	1E-07	-1.58E-12	28.834245
10	2.60377E-07	28.884101	-3E-07	-1.44E-12	28.884101
10	2.63808E-07	28.933716	1E-07	-1.53E-12	28.933716
10	2.67564E-07	28.983649	-1E-07	-1.37E-12	28.983649
10	2.63192E-07	29.034264	2E-07	-1.6E-12	29.034264
10	2.64313E-07	29.084873	3E-07	-1.36E-12	29.084873
10	2.63423E-07	29.13451	1E-07	-1.53E-12	29.13451
10	2.6171E-07	29.218301	-2E-07	-1.39E-12	29.218301
10	2.62671E-07	29.247025	0	-1.37E-12	29.247025
10	2.64109E-07	29.284649	2E-07	-1.63E-12	29.284649
10	2.63083E-07	29.335253	0	-1.84E-12	29.335253
10	2.62703E-07	29.385903	0	-1.71E-12	29.385903
10	2.62866E-07	29.435367	0	-1.51E-12	29.435367
10	2.65296E-07	29.485402	2E-07	-1.43E-12	29.485402
10	2.65332E-07	29.536013	1E-07	-1.45E-12	29.536013
10	2.64476E-07	29.586261	-1E-07	-1.78E-12	29.586261
10	2.67147E-07	29.636868	-1E-07	-1.76E-12	29.636868
10	2.68645E-07	29.719427	0	-1.31E-12	29.719427
10	2.71175E-07	29.748271	1E-07	-1.72E-12	29.748271
10	2.70017E-07	29.786391	1E-07	-1.67E-12	29.786391
10	2.70636E-07	29.837234	1E-07	-1.64E-12	29.837234
10	2.681E-07	29.888466	-1E-07	-1.34E-12	29.888466
10.00001	2.11705E-07	29.939957	-1E-07	-1.58E-12	29.939957
10.00003	2.48707E-08	30.007795	1E-07	-1.43E-12	30.007795
10	1.74256E-08	30.040608	-1E-07	-1.43E-12	30.040608
9.99999	1.42637E-08	30.090518	0	-1.5E-12	30.090518
9.99999	1.34581E-08	30.141005	0	-1.41E-12	30.141005
9.99999	1.32385E-08	30.227821	0	-1.47E-12	30.227821
9.99999	1.31052E-08	30.256433	-1E-07	-1.44E-12	30.256433
9.99999	1.30599E-08	30.290695	0	-1.67E-12	30.290695
9.99999	1.3009E-08	30.340495	0	-1.43E-12	30.340495
9.99999	1.30141E-08	30.390484	0	-1.27E-12	30.390484
9.99999	1.29379E-08	30.441109	1E-07	-1.66E-12	30.441109
9.99999	1.28906E-08	30.490491	1E-07	-1.43E-12	30.490491
9.99999	1.28901E-08	30.54102	1E-07	-1.38E-12	30.54102
9.99999	1.28617E-08	30.590469	1E-07	-1.45E-12	30.590469
9.99999	1.28538E-08	30.640957	2E-07	-1.53E-12	30.640957
9.99999	1.28306E-08	30.722327	1E-07	-1.38E-12	30.722327
9.99999	1.28683E-08	30.751007	2E-07	-1.23E-12	30.751007
9.99999	1.28788E-08	30.791175	2E-07	-1.64E-12	30.791175
9.99999	1.28126E-08	30.841284	1E-07	-1.64E-12	30.841284
9.99999	1.28828E-08	30.890454	-2E-07	-1.73E-12	30.890454
9.99999	1.28335E-08	30.941071	1E-07	-1.71E-12	30.941071
9.99999	1.28461E-08	30.990695	-1E-07	-1.29E-12	30.990695
9.99999	1.28898E-08	31.040492	-1E-07	-1.49E-12	31.040492
9.99999	1.28536E-08	31.090951	-1E-07	-1.3E-12	31.090951
9.99999	1.27275E-08	31.140489	0	-1.43E-12	31.140489
9.99999	1.28478E-08	31.223507	0	-1.51E-12	31.223507
9.99999	1.28255E-08	31.251927	-1E-07	-1.52E-12	31.251927
9.99999	1.28199E-08	31.291048	2E-07	-1.46E-12	31.291048
9.99999	1.27557E-08	31.341055	1E-07	-1.65E-12	31.341055
9.99999	1.27659E-08	31.390498	1E-07	-1.83E-12	31.390498
9.99999	1.27483E-08	31.441028	0	-1.71E-12	31.441028
9.99999	1.27586E-08	31.491034	1E-07	-1.49E-12	31.491034
9.99999	1.28301E-08	31.54079	1E-07	-1.76E-12	31.54079
9.99999	1.28571E-08	31.590966	0	-1.44E-12	31.590966
9.99999	1.27218E-08	31.640593	1E-07	-1.37E-12	31.640593
9.99999	1.27298E-08	31.714741	2E-07	-1.22E-12	31.714741
9.99999	1.27605E-08	31.74357	0	-1.4E-12	31.74357
9.99999	1.27057E-08	31.790815	1E-07	-1.66E-12	31.790815
9.99999	1.26677E-08	31.840868	2E-07	-1.8E-12	31.840868
9.99999	1.26683E-08	31.890934	-1E-07	-1.25E-12	31.890934
9.99999	1.26203E-08	31.9409	-2E-07	-1.34E-12	31.9409
9.99999	1.27284E-08	31.991077	-2E-07	-1.28E-12	31.991077
9.99999	1.27039E-08	32.041761	2E-07	-1.62E-12	32.041761
9.99999	1.26872E-08	32.091821	2E-07	-1.37E-12	32.091821
9.99999	1.27431E-08	32.141335	1E-07	-1.48E-12	32.141335
9.99999	1.26286E-08	32.209715	-1E-07	-1.83E-12	32.209715
9.99999	1.27776E-08	32.241901	1E-07	-1.24E-12	32.241901
9.99999	1.26587E-08	32.292136	-1E-07	-1.57E-12	32.292136
9.99999	1.26518E-08	32.341838	0	-1.64E-12	32.341838
9.99999	1.26837E-08	32.391901	0	-1.33E-12	32.391901
9.99999	1.2608E-08	32.441776	0	-1.47E-12	32.441776
9.99999	1.26077E-08	32.491853	1E-07	-1.5E-12	32.491853
9.99999	1.25557E-08	32.541459	2E-07	-1.27E-12	32.541459
9.99999	1.252E-08	32.591679	1E-07	-1.64E-12	32.591679
9.99999	1.24725E-08	32.641338	0	-1.51E-12	32.641338
9.99999	1.24254E-08	32.691383	1E-07	-1.25E-12	32.691383
9.99999	1.24734E-08	32.741987	1E-07	-1.4E-12	32.741987
9.99999	1.24376E-08	32.792209	2E-07	-1.34E-12	32.792209
9.99999	1.24316E-08	32.842737	0	-1.61E-12	32.842737
9.99999	1.24833E-08	32.892663	0	-1.75E-12	32.892663
9.99999	1.23842E-08	32.942265	-1E-07	-1.49E-12	32.942265
9.99999	1.24822E-08	32.992344	0	-1.68E-12	32.992344
9.99999	1.24474E-08	33.042938	0	-1.43E-12	33.042938
9.99999	1.2346E-08	33.09342	-1E-07	-1.61E-12	33.09342
9.99999	1.23693E-08	33.144604	-1E-07	-1.6E-12	33.144604
9.99999	1.23423E-08	33.212627	2E-07	-1.54E-12	33.212627
9.99999	1.23455E-08	33.245101	-2E-07	-1.57E-12	33.245101
9.99999	1.2396E-08	33.294582	0	-1.37E-12	33.294582
9.99999	1.23807E-08	33.344589	0	-1.3E-12	33.344589
9.99999	1.23842E-08	33.394901	2E-07	-1.28E-12	33.394901
9.99999	1.24399E-08	33.446213	2E-07	-1.44E-12	33.446213
9.99999	1.24288E-08	33.496148	-1E-07	-1.62E-12	33.496148
9.99999	1.23982E-08	33.545885	1E-07	-1.36E-12	33.545885
9.99999	1.23779E-08	33.596018	0	-1.44E-12	33.596018
9.99999	1.23569E-08	33.645696	0	-1.31E-12	33.645696
9.99999	1.24114E-08	33.714106	0	-1.23E-12	33.714106
9.99999	1.24036E-08	33.74629	-1E-07	-1.63E-12	33.74629
9.99999	1.23684E-08	33.796441	1E-07	-1.41E-12	33.796441
9.99999	1.23526E-08	33.846515	-1E-07	-1.54E-12	33.846515
9.99999	1.24116E-08	33.896592	0	-1.56E-12	33.896592
9.99999	1.24637E-08	33.947254	1E-07	-1.67E-12	33.947254
9.99999	1.23752E-08	33.998448	2E-07	-1.53E-12	33.998448
9.99999	1.23718E-08	34.0496	-1E-07	-1.23E-12	34.0496
9.99999	1.24352E-08	34.100424	-1E-07	-1.47E-12	34.100424
9.99999	1.2411E-08	34.151047	-1E-07	-1.46E-12	34.151047
9.99999	1.23668E-08	34.245785	0	-1.41E-12	34.245785
9.99999	1.23477E-08	34.274766	-2E-07	-1.44E-12	34.274766
9.99999	1.23521E-08	34.302763	0	-1.63E-12	34.302763
9.99999	1.23756E-08	34.35152	0	-1.31E-12	34.35152
9.99999	1.22914E-08	34.401771	0	-1.73E-12	34.401771
9.99999	1.23189E-08	34.451534	0	-1.34E-12	34.451534
9.99999	1.23165E-08	34.501659	1E-07	-1.34E-12	34.501659
9.99999	1.23546E-08	34.551536	0	-1.39E-12	34.551536
9.99999	1.23164E-08	34.601528	0	-1.3E-12	34.601528
9.99999	1.22952E-08	34.652128	1E-07	-1.46E-12	34.652128
9.99999	1.21805E-08	34.730075	1E-07	-1.74E-12	34.730075
9.99999	1.23294E-08	34.758736	-2E-07	-1.48E-12	34.758736
9.99999	1.23451E-08	34.80235	1E-07	-1.77E-12	34.80235
9.99999	1.24021E-08	34.853557	2E-07	-1.66E-12	34.853557
9.99999	1.2239E-08	34.90329	0	-1.51E-12	34.90329
9.99999	1.23533E-08	34.954631	-1E-07	-1.55E-12	34.954631
9.99999	1.23418E-08	35.005749	1E-07	-1.44E-12	35.005749
