#scan	iMeasureCycle=1	iMux=0	time=0.024	N=201	LocalTime=03/11/2021 18:59:45
#VGate(V)	IGate(A)	time(s)	VDrain(V)	IDrain(A)	time(s)
1E-07	-2.1646E-10	0.190236	0.1000001	-1E-14	0.190236
-0.2	-1.23936E-09	0.311748	0.0999999	-6E-13	0.311748
-0.4	-2.28749E-09	0.432912	0.1000001	-9.8E-13	0.432912
-0.6	-3.3808E-09	0.554101	0.0999999	-6.9E-13	0.554101
-0.8	-4.53126E-09	0.675272	0.0999999	-8.7E-13	0.675272
-1	-5.7599E-09	0.796463	0.1000002	-1.12E-12	0.796463
-1.2	-7.06208E-09	0.917684	0.0999998	-7.7E-13	0.917684
-1.399999	-8.41029E-09	1.038977	0.1000001	-1.07E-12	1.038977
-1.600001	-9.7916E-09	1.184653	0.0999998	-8.6E-13	1.184653
-1.8	-1.1089E-08	1.307032	0.1	-9.9E-13	1.307032
-2	-1.22525E-08	1.429422	0.1	-1.22E-12	1.429422
-2.2	-1.32432E-08	1.55179	0.0999998	-1.15E-12	1.55179
-2.4	-1.40198E-08	1.674106	0.1	-7.9E-13	1.674106
-2.6	-1.48027E-08	1.796457	0.0999999	-1.07E-12	1.796457
-2.8	-1.5688E-08	1.918852	0.0999998	-8.8E-13	1.918852
-3	-1.65956E-08	2.041253	0.0999999	-8.8E-13	2.041253
-3.2	-1.7589E-08	2.163613	0.1	-8.9E-13	2.163613
-3.4	-1.81509E-08	2.286041	0.0999998	-9.6E-13	2.286041
-3.6	-1.89579E-08	2.408417	0.1	-8.8E-13	2.408417
-3.8	-1.97933E-08	2.530811	0.0999999	-9.2E-13	2.530811
-4	-2.06054E-08	2.65315	0.0999998	-1.07E-12	2.65315
-4.2	-2.1188E-08	2.775514	0.0999998	-1.09E-12	2.775514
-4.4	-2.16048E-08	2.897934	0.1000001	-1.09E-12	2.897934
-4.6	-2.19698E-08	3.020355	0.1	-8E-13	3.020355
-4.8	-2.25403E-08	3.142697	0.1000002	-1.05E-12	3.142697
-5	-2.28095E-08	3.265069	0.0999999	-1.17E-12	3.265069
-5.2	-2.3127E-08	3.387534	0.1	-1.06E-12	3.387534
-5.4	-2.3647E-08	3.509892	0.0999999	-1.05E-12	3.509892
-5.6	-2.47468E-08	3.632277	0.0999998	-1.19E-12	3.632277
-5.8	-2.50823E-08	3.756796	0.1	-9.9E-13	3.756796
-6	-2.53027E-08	3.879189	0.0999997	-9.5E-13	3.879189
-6.2	-2.56929E-08	4.001539	0.0999998	-1.01E-12	4.001539
-6.4	-2.63014E-08	4.123959	0.1000001	-1.2E-12	4.123959
-6.59999	-2.75803E-08	4.257799	0.1000001	-1.39E-12	4.257799
-6.8	-2.82921E-08	4.380185	0.1	-1.12E-12	4.380185
-7	-2.83912E-08	4.502514	0.1	-7.8E-13	4.502514
-7.2	-2.84744E-08	4.624899	0.1	-9.8E-13	4.624899
-7.4	-2.91574E-08	4.75896	0.0999998	-1.09E-12	4.75896
-7.6	-2.93963E-08	4.881375	0.1000001	-1.12E-12	4.881375
-7.8	-3.00992E-08	5.003721	0.1	-9.3E-13	5.003721
-8	-3.01129E-08	5.126155	0.1000001	-8.5E-13	5.126155
-8.2	-3.0289E-08	5.259698	0.0999999	-1.02E-12	5.259698
-8.4	-3.04297E-08	5.382078	0.1	-8.4E-13	5.382078
-8.6	-2.99803E-08	5.504423	0.0999999	-1.09E-12	5.504423
-8.79999	-3.02942E-08	5.626804	0.0999998	-1E-12	5.626804
-9	-3.19503E-08	5.760737	0.1	-1.34E-12	5.760737
-9.2	-3.17229E-08	5.883118	0.1	-1.01E-12	5.883118
-9.4	-3.02337E-08	6.005547	0.0999999	-9.4E-13	6.005547
-9.6	-3.05628E-08	6.127963	0.0999999	-9.9E-13	6.127963
-9.8	-3.04866E-08	6.261726	0.0999999	-1.01E-12	6.261726
-10	-3.04297E-08	6.384119	0.0999999	-7.7E-13	6.384119
-9.80001	-2.93231E-08	6.506435	0.1	-1.03E-12	6.506435
-9.60001	-2.81827E-08	6.628806	0.0999999	-1.39E-12	6.628806
-9.40001	-2.7287E-08	6.758461	0.0999998	-1.08E-12	6.758461
-9.20001	-2.6242E-08	6.880829	0.0999999	-9.7E-13	6.880829
-9.00001	-2.54282E-08	7.003153	0.0999999	-1.07E-12	7.003153
-8.80001	-2.44626E-08	7.125577	0.0999999	-8.7E-13	7.125577
-8.60001	-2.38595E-08	7.258987	0.0999998	-9.7E-13	7.258987
-8.40001	-2.31387E-08	7.381391	0.1	-7.3E-13	7.381391
-8.20001	-2.21112E-08	7.503702	0.0999999	-1.15E-12	7.503702
-8.00001	-2.12481E-08	7.626167	0.0999999	-8.8E-13	7.626167
-7.80001	-2.05532E-08	7.759837	0.0999999	-1.11E-12	7.759837
-7.60001	-1.99087E-08	7.88227	0.0999999	-1.07E-12	7.88227
-7.40001	-1.92185E-08	8.004593	0.0999999	-1.41E-12	8.004593
-7.20001	-1.86217E-08	8.12703	0.0999999	-1.21E-12	8.12703
-7.00001	-1.79735E-08	8.260719	0.1000001	-1.19E-12	8.260719
-6.80001	-1.73952E-08	8.383154	0.0999999	-1.07E-12	8.383154
-6.60001	-1.67983E-08	8.505461	0.1	-1.21E-12	8.505461
-6.40001	-1.61807E-08	8.627916	0.1	-1E-12	8.627916
-6.20001	-1.5537E-08	8.766221	0.0999997	-1.12E-12	8.766221
-6.00001	-1.49317E-08	8.888625	0.0999998	-8.6E-13	8.888625
-5.80001	-1.43505E-08	9.010962	0.1	-1.25E-12	9.010962
-5.60001	-1.37066E-08	9.133371	0.1	-1E-12	9.133371
-5.40001	-1.31713E-08	9.259103	0.0999998	-9.6E-13	9.259103
-5.20001	-1.25805E-08	9.381478	0.0999998	-7.7E-13	9.381478
-5.00001	-1.20413E-08	9.503822	0.0999996	-1.1E-12	9.503822
-4.80001	-1.15125E-08	9.626279	0.1000001	-1.38E-12	9.626279
-4.60001	-1.09631E-08	9.768182	0.0999998	-1.05E-12	9.768182
-4.40001	-1.04477E-08	9.890589	0.0999997	-1.14E-12	9.890589
-4.20001	-9.9282E-09	10.012937	0.1000001	-1.08E-12	10.012937
-4.00001	-9.4144E-09	10.13535	0.1000001	-1.16E-12	10.13535
-3.8	-8.96992E-09	10.280403	0.0999999	-1.21E-12	10.280403
-3.60001	-8.48152E-09	10.401626	0.0999999	-1.1E-12	10.401626
-3.40001	-7.96505E-09	10.522834	0.0999999	-1.03E-12	10.522834
-3.20001	-7.51256E-09	10.644045	0.0999998	-9.9E-13	10.644045
-3.00001	-7.02355E-09	10.769465	0.0999999	-1.38E-12	10.769465
-2.80001	-6.53916E-09	10.890696	0.1	-1.03E-12	10.890696
-2.60001	-6.04658E-09	11.011885	0.1	-1.06E-12	11.011885
-2.40001	-5.54839E-09	11.133146	0.1	-1.32E-12	11.133146
-2.20001	-5.04979E-09	11.257057	0.0999999	-1.06E-12	11.257057
-2	-4.56345E-09	11.378312	0.0999999	-1.27E-12	11.378312
-1.800001	-4.07214E-09	11.499478	0.0999998	-1.17E-12	11.499478
-1.600001	-3.58386E-09	11.620691	0.1	-1.14E-12	11.620691
-1.400001	-3.09843E-09	11.758999	0.0999998	-1.07E-12	11.758999
-1.200001	-2.59869E-09	11.880256	0.1	-1.12E-12	11.880256
-1.000001	-2.09398E-09	12.001443	0.1	-1.01E-12	12.001443
-0.800001	-1.57721E-09	12.122681	0.0999999	-1.37E-12	12.122681
-0.600001	-1.05064E-09	12.258923	0.1	-1.09E-12	12.258923
-0.400001	-4.9053E-10	12.380266	0.1	-9.7E-13	12.380266
-0.2	9.364E-11	12.501443	0.1	-1.22E-12	12.501443
-2E-07	6.9627E-10	12.622649	0.0999997	-8.6E-13	12.622649
0.2	1.31703E-09	12.759874	0.0999999	-8.3E-13	12.759874
0.399999	1.98859E-09	12.881121	0.0999997	-1.12E-12	12.881121
0.599999	2.73416E-09	13.002281	0.1	-9.8E-13	13.002281
0.799999	3.58605E-09	13.123597	0.0999999	-1.08E-12	13.123597
0.999999	4.52441E-09	13.260844	0.1	-1.12E-12	13.260844
1.199999	5.54623E-09	13.382104	0.0999998	-1.6E-12	13.382104
1.399999	6.64872E-09	13.503278	0.0999998	-1.36E-12	13.503278
1.599999	7.78744E-09	13.624488	0.1000001	-1.22E-12	13.624488
1.799999	9.03353E-09	13.762806	0.0999999	-9.4E-13	13.762806
1.999999	1.0315E-08	13.908486	0.1	-1.03E-12	13.908486
2.19999	1.16103E-08	14.030907	0.1000002	-1.24E-12	14.030907
2.39999	1.29551E-08	14.153255	0.0999999	-6.7E-13	14.153255
2.59999	1.4415E-08	14.277282	0.0999998	-1.17E-12	14.277282
2.79999	1.6298E-08	14.399673	0.0999999	-1.28E-12	14.399673
2.99999	1.79264E-08	14.521974	0.1	-1.24E-12	14.521974
3.19999	1.9135E-08	14.644364	0.0999998	-9.6E-13	14.644364
3.39999	2.03582E-08	14.778716	0.1	-1.09E-12	14.778716
3.59999	2.16987E-08	14.901081	0.1000001	-1E-12	14.901081
3.79999	2.32547E-08	15.023404	0.1000001	-1.24E-12	15.023404
3.99999	2.43611E-08	15.145828	0.0999998	-1.22E-12	15.145828
4.19999	2.53284E-08	15.27503	0.0999999	-1.11E-12	15.27503
4.39999	2.59459E-08	15.397511	0.0999998	-1.2E-12	15.397511
4.59999	2.67468E-08	15.519831	0.0999998	-1.06E-12	15.519831
4.79999	2.73868E-08	15.642268	0.1000001	-1.23E-12	15.642268
4.99999	2.79004E-08	15.779648	0.1000001	-1.41E-12	15.779648
5.19999	2.84618E-08	15.902132	0.1	-1.25E-12	15.902132
5.39999	2.90707E-08	16.024476	0.0999998	-1.34E-12	16.024476
5.59999	2.96533E-08	16.146907	0.0999997	-1.19E-12	16.146907
5.79999	3.03154E-08	16.281415	0.0999998	-1.19E-12	16.281415
5.99999	3.10843E-08	16.403792	0.0999999	-1.19E-12	16.403792
6.19999	3.28125E-08	16.526127	0.0999998	-1.05E-12	16.526127
6.39999	3.29184E-08	16.648542	0.0999999	-1.31E-12	16.648542
6.59999	3.16433E-08	16.782408	0.0999998	-1.19E-12	16.782408
6.79999	3.15819E-08	16.904804	0.1	-1.57E-12	16.904804
6.99999	3.18598E-08	17.027208	0.1000001	-9.6E-13	17.027208
7.19999	3.18997E-08	17.149639	0.0999999	-1.2E-12	17.149639
7.39999	3.21296E-08	17.278955	0.0999998	-1.08E-12	17.278955
7.59999	3.24043E-08	17.401353	0.0999998	-9.8E-13	17.401353
7.79999	3.26581E-08	17.523678	0.0999999	-1.11E-12	17.523678
7.99999	3.2814E-08	17.64611	0.1	-1.39E-12	17.64611
8.19999	3.29162E-08	17.783538	0.1	-1.26E-12	17.783538
8.39999	3.29458E-08	17.905938	0.1000001	-1.2E-12	17.905938
8.59999	3.31411E-08	18.028278	0.0999998	-1.4E-12	18.028278
8.79999	3.3387E-08	18.150687	0.0999998	-1.21E-12	18.150687
8.99999	3.36807E-08	18.285243	0.0999999	-1.39E-12	18.285243
9.19999	3.38737E-08	18.407648	0.0999999	-1.21E-12	18.407648
9.39999	3.40508E-08	18.529987	0.0999998	-1.19E-12	18.529987
9.59999	3.45135E-08	18.652397	0.1	-9.6E-13	18.652397
9.79999	3.45897E-08	18.786431	0.1	-1.39E-12	18.786431
9.99999	3.4564E-08	18.908819	0.0999998	-1.13E-12	18.908819
9.8	3.31777E-08	19.031148	0.0999997	-1.17E-12	19.031148
9.6	3.19494E-08	19.153539	0.0999999	-7.9E-13	19.153539
9.4	3.08022E-08	19.287258	0.0999997	-1.38E-12	19.287258
9.2	3.00672E-08	19.409644	0.1	-8.4E-13	19.409644
9	2.98E-08	19.531959	0.1	-1.03E-12	19.531959
8.8	2.9437E-08	19.654364	0.1	-1.17E-12	19.654364
8.6	2.84529E-08	19.788391	0.1000001	-1.02E-12	19.788391
8.4	2.81671E-08	19.910794	0.1	-1.29E-12	19.910794
8.2	2.6145E-08	20.03314	0.1	-9.5E-13	20.03314
8	2.45506E-08	20.155539	0.0999998	-1.2E-12	20.155539
7.8	2.35058E-08	20.289409	0.1	-1.21E-12	20.289409
7.6	2.2499E-08	20.411804	0.1	-1.55E-12	20.411804
7.4	2.17011E-08	20.534145	0.0999999	-1.24E-12	20.534145
7.2	2.09997E-08	20.656525	0.0999998	-1.09E-12	20.656525
7	2.02598E-08	20.786238	0.0999999	-1.12E-12	20.786238
6.8	1.95457E-08	20.908625	0.0999999	-1.21E-12	20.908625
6.6	1.87999E-08	21.030944	0.0999998	-1.11E-12	21.030944
6.4	1.80738E-08	21.153411	0.0999997	-1.23E-12	21.153411
6.20001	1.7449E-08	21.290846	0.1	-1.26E-12	21.290846
6	1.67551E-08	21.41326	0.0999999	-8.5E-13	21.41326
5.8	1.60418E-08	21.535575	0.1	-1.25E-12	21.535575
5.6	1.53871E-08	21.658065	0.1	-1.24E-12	21.658065
5.4	1.47557E-08	21.792426	0.1	-1.32E-12	21.792426
5.2	1.41055E-08	21.914824	0.0999999	-1.06E-12	21.914824
5	1.34944E-08	22.03716	0.1000001	-1.36E-12	22.03716
4.8	1.29125E-08	22.159538	0.0999999	-1.29E-12	22.159538
4.6	1.23567E-08	22.293576	0.0999998	-1.39E-12	22.293576
4.4	1.17666E-08	22.415964	0.1	-1.03E-12	22.415964
4.2	1.11863E-08	22.538295	0.0999999	-1.4E-12	22.538295
4	1.06043E-08	22.660697	0.0999999	-1.19E-12	22.660697
3.8	1.00201E-08	22.790395	0.0999999	-1.38E-12	22.790395
3.60001	9.4333E-09	22.912791	0.0999998	-9.5E-13	22.912791
3.4	8.86539E-09	23.050098	0.0999999	-1.35E-12	23.050098
3.2	8.2934E-09	23.171283	0.1	-1.03E-12	23.171283
3.00001	7.73658E-09	23.29455	0.0999997	-1.28E-12	23.29455
2.8	7.18262E-09	23.415781	0.0999998	-1.14E-12	23.415781
2.6	6.62915E-09	23.536973	0.0999997	-1.15E-12	23.536973
2.4	6.08617E-09	23.65819	0.0999997	-1.22E-12	23.65819
2.2	5.5498E-09	23.782266	0.0999999	-8.2E-13	23.782266
1.999999	5.01025E-09	23.903524	0.1000001	-1.11E-12	23.903524
1.8	4.47113E-09	24.024681	0.0999998	-9.3E-13	24.024681
1.6	3.93593E-09	24.145892	0.0999999	-1.54E-12	24.145892
1.4	3.40259E-09	24.282227	0.1000001	-1.17E-12	24.282227
1.2	2.85387E-09	24.403481	0.1000001	-1.25E-12	24.403481
1	2.29742E-09	24.524671	0.1	-1.21E-12	24.524671
0.800001	1.728E-09	24.645874	0.0999999	-1.19E-12	24.645874
0.6	1.14592E-09	24.784176	0.1000001	-1.04E-12	24.784176
0.4	5.2811E-10	24.905429	0.0999999	-1.35E-12	24.905429
0.1999998	-1.1471E-10	25.026595	0.0999999	-1.4E-12	25.026595
-2E-07	-7.8483E-10	25.147811	0.0999999	-1.33E-12	25.147811
