Filename:  live_data.mca
Description:  
TimeStamp:  10/29/2021 13:36:44

Spectral Data Information
Channel	Data
0	0
1	0
2	0
3	0
4	0
5	0
6	0
7	0
8	0
9	0
10	0
11	0
12	0
13	0
14	0
15	0
16	0
17	0
18	0
19	0
20	1
21	2
22	1
23	1
24	0
25	1
26	1
27	0
28	0
29	0
30	0
31	0
32	1
33	0
34	1
35	0
36	0
37	1
38	0
39	2
40	0
41	0
42	2
43	0
44	0
45	0
46	2
47	0
48	1
49	3
50	2
51	3
52	1
53	2
54	3
55	1
56	3
57	1
58	1
59	3
60	4
61	7
62	4
63	5
64	3
65	3
66	1
67	9
68	4
69	4
70	3
71	0
72	3
73	4
74	6
75	3
76	3
77	5
78	5
79	5
80	3
81	2
82	2
83	3
84	2
85	3
86	2
87	1
88	1
89	0
90	1
91	3
92	1
93	2
94	0
95	4
96	2
97	2
98	2
99	1
100	2
101	1
102	1
103	6
104	0
105	1
106	1
107	0
108	1
109	0
110	1
111	1
112	1
113	0
114	3
115	3
116	0
117	0
118	0
119	0
120	1
121	0
122	3
123	1
124	0
125	0
126	0
127	1
128	0
129	1
130	3
131	1
132	3
133	0
134	1
135	2
136	0
137	2
138	0
139	1
140	1
141	2
142	1
143	1
144	0
145	0
146	0
147	1
148	1
149	1
150	0
151	1
152	1
153	0
154	0
155	1
156	1
157	0
158	0
159	0
160	1
161	0
162	2
163	1
164	3
165	1
166	0
167	0
168	2
169	0
170	0
171	0
172	3
173	1
174	0
175	0
176	2
177	3
178	4
179	1
180	9
181	4
182	3
183	3
184	3
185	0
186	1
187	1
188	1
189	0
190	0
191	0
192	0
193	0
194	0
195	1
196	1
197	3
198	1
199	3
200	0
201	2
202	1
203	2
204	0
205	0
206	1
207	0
208	0
209	1
210	1
211	0
212	4
213	0
214	0
215	1
216	0
217	1
218	0
219	0
220	2
221	0
222	0
223	1
224	0
225	1
226	0
227	1
228	0
229	1
230	0
231	1
232	0
233	0
234	0
235	2
236	2
237	2
238	1
239	0
240	0
241	1
242	0
243	0
244	0
245	0
246	1
247	0
248	0
249	1
250	1
251	1
252	0
253	0
254	0
255	0
256	0
257	0
258	0
259	0
260	1
261	0
262	0
263	1
264	0
265	0
266	1
267	0
268	0
269	0
270	2
271	0
272	1
273	2
274	0
275	0
276	0
277	2
278	0
279	0
280	2
281	2
282	0
283	1
284	0
285	0
286	0
287	0
288	1
289	1
290	1
291	0
292	0
293	1
294	1
295	2
296	1
297	1
298	0
299	0
300	2
301	0
302	2
303	2
304	2
305	3
306	1
307	2
308	0
309	3
310	0
311	2
312	0
313	0
314	0
315	0
316	0
317	0
318	0
319	1
320	0
321	0
322	0
323	1
324	1
325	0
326	0
327	0
328	0
329	0
330	1
331	0
332	1
333	0
334	0
335	0
336	1
337	1
338	0
339	0
340	0
341	1
342	1
343	3
344	0
345	0
346	1
347	1
348	1
349	0
350	0
351	0
352	0
353	0
354	1
355	0
356	1
357	0
358	0
359	0
360	0
361	0
362	1
363	0
364	1
365	1
366	0
367	0
368	1
369	0
370	0
371	1
372	0
373	2
374	1
375	0
376	0
377	0
378	1
379	0
380	0
381	1
382	0
383	2
384	2
385	1
386	0
387	0
388	2
389	0
390	1
391	0
392	0
393	0
394	0
395	0
396	0
397	0
398	0
399	1
400	0
401	0
402	0
403	0
404	1
405	1
406	0
407	0
408	0
409	0
410	0
411	2
412	2
413	1
414	0
415	1
416	0
417	0
418	0
419	0
420	2
421	1
422	1
423	1
424	1
425	1
426	0
427	0
428	1
429	0
430	0
431	1
432	0
433	0
434	1
435	0
436	1
437	1
438	0
439	0
440	1
441	0
442	2
443	1
444	0
445	1
446	2
447	1
448	2
449	0
450	0
451	2
452	1
453	0
454	0
455	1
456	0
457	0
458	2
459	0
460	0
461	0
462	0
463	0
464	1
465	1
466	0
467	0
468	1
469	0
470	1
471	0
472	0
473	2
474	0
475	0
476	0
477	2
478	1
479	2
480	1
481	0
482	1
483	0
484	0
485	0
486	0
487	0
488	1
489	1
490	0
491	1
492	0
493	0
494	0
495	1
496	1
497	0
498	0
499	2
500	0
501	2
502	0
503	2
504	0
505	1
506	1
507	2
508	2
509	0
510	0
511	1
512	0
513	0
514	2
515	2
516	3
517	1
518	1
519	1
520	2
521	1
522	1
523	0
524	1
525	1
526	2
527	0
528	0
529	0
530	0
531	2
532	2
533	1
534	0
535	0
536	0
537	1
538	1
539	0
540	1
541	0
542	0
543	2
544	1
545	1
546	1
547	2
548	1
549	0
550	1
551	4
552	2
553	1
554	0
555	2
556	1
557	2
558	1
559	2
560	1
561	4
562	2
563	0
564	1
565	1
566	4
567	2
568	1
569	0
570	2
571	0
572	2
573	1
574	0
575	3
576	0
577	1
578	3
579	1
580	1
581	2
582	1
583	1
584	3
585	1
586	4
587	2
588	2
589	4
590	2
591	1
592	3
593	4
594	5
595	3
596	6
597	3
598	4
599	4
600	4
601	7
602	8
603	5
604	9
605	5
606	9
607	3
608	4
609	4
610	2
611	2
612	2
613	1
614	5
615	0
616	6
617	2
618	5
619	3
620	3
621	2
622	3
623	4
624	8
625	4
626	4
627	3
628	3
629	1
630	3
631	0
632	2
633	5
634	0
635	5
636	3
637	2
638	4
639	4
640	5
641	0
642	3
643	5
644	2
645	4
646	2
647	6
648	3
649	5
650	4
651	3
652	4
653	5
654	3
655	7
656	4
657	3
658	3
659	7
660	10
661	2
662	7
663	5
664	4
665	4
666	4
667	7
668	6
669	4
670	6
671	4
672	5
673	10
674	2
675	3
676	4
677	6
678	6
679	5
680	7
681	5
682	2
683	6
684	8
685	7
686	6
687	2
688	9
689	7
690	5
691	5
692	3
693	6
694	2
695	6
696	2
697	6
698	6
699	5
700	5
701	7
702	6
703	9
704	4
705	5
706	6
707	4
708	5
709	3
710	9
711	3
712	10
713	10
714	6
715	1
716	5
717	10
718	9
719	6
720	13
721	13
722	15
723	16
724	20
725	31
726	37
727	41
728	45
729	62
730	46
731	58
732	65
733	57
734	55
735	68
736	70
737	86
738	79
739	80
740	60
741	57
742	42
743	36
744	10
745	17
746	9
747	5
748	1
749	2
750	2
751	0
752	1
753	2
754	1
755	4
756	3
757	2
758	1
759	3
760	1
761	1
762	2
763	2
764	4
765	3
766	2
767	1
768	1
769	1
770	1
771	0
772	1
773	2
774	3
775	3
776	1
777	2
778	3
779	2
780	1
781	3
782	3
783	2
784	1
785	1
786	1
787	0
788	1
789	3
790	2
791	0
792	0