Filename:  live_data.mca
Description:  
TimeStamp:  10/29/2021 14:27:44

Spectral Data Information
Channel	Data
0	0
1	0
2	0
3	0
4	0
5	0
6	0
7	0
8	0
9	0
10	0
11	0
12	0
13	0
14	0
15	0
16	0
17	0
18	0
19	0
20	0
21	1
22	1
23	1
24	3
25	3
26	1
27	0
28	0
29	0
30	0
31	0
32	0
33	1
34	0
35	0
36	0
37	0
38	2
39	0
40	1
41	0
42	2
43	0
44	2
45	1
46	2
47	1
48	3
49	2
50	2
51	1
52	4
53	3
54	3
55	4
56	3
57	2
58	6
59	4
60	5
61	6
62	4
63	0
64	7
65	5
66	3
67	4
68	4
69	1
70	5
71	4
72	3
73	4
74	5
75	4
76	3
77	4
78	1
79	7
80	2
81	3
82	1
83	1
84	2
85	0
86	3
87	1
88	2
89	3
90	2
91	1
92	3
93	2
94	3
95	2
96	3
97	4
98	1
99	2
100	2
101	1
102	1
103	2
104	0
105	2
106	0
107	0
108	0
109	2
110	2
111	1
112	1
113	4
114	0
115	1
116	1
117	2
118	2
119	1
120	0
121	1
122	1
123	0
124	1
125	0
126	1
127	2
128	1
129	2
130	1
131	4
132	0
133	0
134	3
135	1
136	0
137	4
138	0
139	1
140	1
141	3
142	0
143	0
144	4
145	2
146	0
147	0
148	0
149	1
150	0
151	0
152	0
153	0
154	2
155	1
156	1
157	0
158	0
159	1
160	0
161	0
162	2
163	1
164	3
165	0
166	0
167	2
168	1
169	0
170	0
171	0
172	2
173	0
174	1
175	1
176	0
177	5
178	2
179	8
180	5
181	7
182	4
183	0
184	3
185	0
186	1
187	1
188	1
189	1
190	1
191	0
192	0
193	2
194	2
195	1
196	1
197	1
198	2
199	0
200	4
201	4
202	2
203	1
204	0
205	1
206	1
207	0
208	1
209	0
210	2
211	2
212	0
213	0
214	0
215	2
216	0
217	0
218	0
219	1
220	0
221	4
222	1
223	2
224	2
225	0
226	0
227	1
228	0
229	0
230	0
231	1
232	0
233	2
234	0
235	0
236	1
237	1
238	1
239	2
240	0
241	0
242	0
243	1
244	1
245	1
246	0
247	2
248	0
249	2
250	0
251	0
252	2
253	0
254	0
255	0
256	0
257	1
258	1
259	1
260	1
261	1
262	1
263	2
264	2
265	1
266	2
267	1
268	0
269	0
270	1
271	0
272	1
273	2
274	0
275	0
276	0
277	0
278	0
279	1
280	0
281	1
282	2
283	3
284	1
285	1
286	1
287	0
288	1
289	0
290	1
291	0
292	1
293	1
294	1
295	2
296	3
297	1
298	2
299	1
300	0
301	0
302	0
303	0
304	1
305	0
306	2
307	0
308	1
309	0
310	0
311	1
312	0
313	0
314	0
315	1
316	0
317	2
318	0
319	0
320	0
321	1
322	1
323	1
324	0
325	0
326	0
327	2
328	1
329	1
330	0
331	1
332	0
333	1
334	0
335	2
336	0
337	1
338	1
339	1
340	1
341	0
342	2
343	1
344	1
345	2
346	0
347	2
348	1
349	1
350	1
351	0
352	1
353	0
354	1
355	1
356	0
357	0
358	1
359	1
360	0
361	0
362	1
363	1
364	0
365	0
366	0
367	0
368	0
369	0
370	0
371	1
372	1
373	0
374	0
375	0
376	0
377	1
378	2
379	0
380	2
381	0
382	0
383	1
384	1
385	1
386	0
387	0
388	0
389	0
390	0
391	1
392	0
393	0
394	0
395	1
396	1
397	0
398	1
399	0
400	1
401	0
402	0
403	1
404	0
405	0
406	0
407	2
408	0
409	0
410	1
411	0
412	0
413	0
414	0
415	1
416	0
417	0
418	1
419	1
420	0
421	0
422	0
423	1
424	1
425	0
426	1
427	1
428	0
429	1
430	2
431	0
432	0
433	0
434	1
435	2
436	0
437	0
438	2
439	0
440	1
441	1
442	0
443	1
444	0
445	1
446	0
447	1
448	1
449	0
450	0
451	1
452	1
453	0
454	0
455	0
456	0
457	1
458	1
459	1
460	1
461	0
462	0
463	1
464	0
465	2
466	1
467	0
468	0
469	0
470	0
471	1
472	0
473	0
474	1
475	0
476	1
477	0
478	1
479	0
480	1
481	1
482	1
483	0
484	3
485	0
486	1
487	1
488	0
489	0
490	1
491	0
492	2
493	0
494	1
495	1
496	3
497	1
498	0
499	1
500	0
501	0
502	2
503	0
504	0
505	0
506	3
507	1
508	0
509	0
510	0
511	1
512	2
513	0
514	2
515	0
516	1
517	0
518	1
519	1
520	0
521	0
522	1
523	1
524	2
525	3
526	1
527	0
528	2
529	0
530	1
531	1
532	0
533	1
534	2
535	2
536	1
537	1
538	1
539	3
540	0
541	1
542	2
543	1
544	1
545	2
546	2
547	1
548	2
549	0
550	1
551	0
552	2
553	1
554	2
555	2
556	0
557	0
558	2
559	4
560	3
561	3
562	2
563	2
564	2
565	0
566	2
567	2
568	0
569	0
570	2
571	3
572	1
573	1
574	0
575	2
576	3
577	0
578	2
579	3
580	3
581	0
582	2
583	0
584	3
585	3
586	2
587	3
588	4
589	1
590	4
591	4
592	7
593	0
594	6
595	1
596	7
597	4
598	5
599	3
600	9
601	5
602	5
603	6
604	6
605	2
606	2
607	1
608	2
609	2
610	3
611	6
612	1
613	0
614	4
615	3
616	2
617	5
618	2
619	2
620	3
621	3
622	6
623	4
624	4
625	3
626	3
627	7
628	5
629	1
630	2
631	5
632	1
633	3
634	3
635	1
636	1
637	0
638	1
639	1
640	2
641	2
642	2
643	4
644	4
645	7
646	6
647	5
648	0
649	4
650	2
651	3
652	5
653	3
654	5
655	3
656	6
657	6
658	7
659	6
660	6
661	10
662	6
663	10
664	4
665	6
666	7
667	6
668	3
669	7
670	7
671	9
672	3
673	5
674	2
675	2
676	7
677	6
678	7
679	4
680	3
681	3
682	3
683	6
684	7
685	5
686	7
687	6
688	8
689	5
690	3
691	4
692	5
693	2
694	3
695	11
696	7
697	2
698	7
699	4
700	5
701	7
702	8
703	7
704	9
705	3
706	5
707	9
708	12
709	8
710	6
711	10
712	6
713	5
714	5
715	8
716	5
717	8
718	15
719	8
720	15
721	5
722	9
723	10
724	19
725	24
726	29
727	37
728	50
729	46
730	57
731	53
732	54
733	60
734	77
735	69
736	72
737	84
738	97
739	75
740	72
741	65
742	41
743	21
744	18
745	17
746	7
747	6
748	2
749	5
750	2
751	2
752	2
753	3
754	2
755	5
756	5
757	1
758	0
759	2
760	2
761	4
762	1
763	4
764	1
765	0
766	2
767	0
768	1
769	1
770	2
771	2
772	2
773	3
774	1
775	2
776	4
777	2
778	2
779	4
780	2
781	0
782	0
783	1
784	2
785	0
786	2
787	3
788	2
789	1
790	2
791	2
792	2