Vernier Format 2
Nuovo file.cmbl 01/12/2021 17:06:58 .
Ultimo
Tempo	Tensione 1	Tensione 2	Tensione 3	Tensione 4	R1	R2	R3	Temperature
t	Tens 1	Tens 2	Tens 3	Tens 4	R1	R2	R3	T
s	V	V	V	V	Ω	Ω	Ω	K

0	1.45177	0.0622711	2.3199	2.9768	145.177	6.22711	2.3199	297.68
10	1.45177	0.0622711	2.32112	2.97558	145.177	6.22711	2.32112	297.558
20	1.45055	0.0622711	2.3199	2.97558	145.055	6.22711	2.3199	297.558
30	1.45177	0.0622711	2.32112	2.9768	145.177	6.22711	2.32112	297.68
40	1.45665	0.0622711	2.3199	2.9768	145.665	6.22711	2.3199	297.68
50	1.46276	0.0634921	2.31868	2.97558	146.276	6.34921	2.31868	297.558
60	1.46886	0.0622711	2.31746	2.97558	146.886	6.22711	2.31746	297.558
70	1.47497	0.0622711	2.31746	2.97436	147.497	6.22711	2.31746	297.436
80	1.48107	0.0634921	2.31502	2.97192	148.107	6.34921	2.31502	297.192
90	1.48718	0.0622711	2.31502	2.97192	148.718	6.22711	2.31502	297.192
100	1.49084	0.0634921	2.31258	2.96948	149.084	6.34921	2.31258	296.948
110	1.49573	0.0622711	2.31136	2.96825	149.573	6.22711	2.31136	296.825
120	1.50183	0.0634921	2.31013	2.96581	150.183	6.34921	2.31013	296.581
130	1.50672	0.0622711	2.30769	2.96459	150.672	6.22711	2.30769	296.459
140	1.51282	0.0622711	2.30647	2.96215	151.282	6.22711	2.30647	296.215
150	1.51893	0.0622711	2.30403	2.95971	151.893	6.22711	2.30403	295.971
160	1.52503	0.0622711	2.30159	2.95849	152.503	6.22711	2.30159	295.849
170	1.53114	0.0622711	2.29915	2.95482	153.114	6.22711	2.29915	295.482
180	1.53724	0.0622711	2.2967	2.95238	153.724	6.22711	2.2967	295.238
190	1.54335	0.0622711	2.29426	2.95116	154.335	6.22711	2.29426	295.116
200	1.54945	0.0622711	2.29304	2.9475	154.945	6.22711	2.29304	294.75
210	1.55678	0.0622711	2.2906	2.94628	155.678	6.22711	2.2906	294.628
220	1.56288	0.0622711	2.28816	2.94017	156.288	6.22711	2.28816	294.017
230	1.57021	0.0622711	2.28449	2.93895	157.021	6.22711	2.28449	293.895
240	1.57753	0.0622711	2.28205	2.93529	157.753	6.22711	2.28205	293.529
250	1.58364	0.0610501	2.27961	2.93162	158.364	6.10501	2.27961	293.162
260	1.58974	0.0610501	2.27717	2.92918	158.974	6.10501	2.27717	292.918
270	1.59707	0.0610501	2.27473	2.92552	159.707	6.10501	2.27473	292.552
280	1.60317	0.0610501	2.27228	2.92186	160.317	6.10501	2.27228	292.186
290	1.6105	0.0610501	2.26984	2.91941	161.05	6.10501	2.26984	291.941
300	1.61661	0.0610501	2.26618	2.91575	161.661	6.10501	2.26618	291.575
310	1.62393	0.0598291	2.26374	2.91209	162.393	5.98291	2.26374	291.209
320	1.63004	0.0610501	2.26129	2.90843	163.004	6.10501	2.26129	290.843
330	1.63614	0.0610501	2.25885	2.90476	163.614	6.10501	2.25885	290.476
340	1.64225	0.0610501	2.25641	2.9011	164.225	6.10501	2.25641	290.11
350	1.64835	0.0610501	2.25275	2.89866	164.835	6.10501	2.25275	289.866
360	1.65446	0.0598291	2.24908	2.89377	165.446	5.98291	2.24908	289.377
370	1.66056	0.0598291	2.24664	2.89011	166.056	5.98291	2.24664	289.011
380	1.66545	0.0598291	2.24298	2.88645	166.545	5.98291	2.24298	288.645
390	1.67155	0.0598291	2.24054	2.88278	167.155	5.98291	2.24054	288.278
400	1.67643	0.0598291	2.23687	2.87912	167.643	5.98291	2.23687	287.912
410	1.68254	0.0598291	2.23443	2.87546	168.254	5.98291	2.23443	287.546
420	1.68742	0.0610501	2.23077	2.87179	168.742	6.10501	2.23077	287.179
430	1.69231	0.0598291	2.22833	2.86691	169.231	5.98291	2.22833	286.691
440	1.69719	0.0598291	2.22466	2.86325	169.719	5.98291	2.22466	286.325
450	1.70085	0.0598291	2.22222	2.85959	170.085	5.98291	2.22222	285.959
460	1.70574	0.0586081	2.21856	2.85592	170.574	5.86081	2.21856	285.592
470	1.71062	0.0586081	2.2149	2.85226	171.062	5.86081	2.2149	285.226
480	1.71429	0.0586081	2.21368	2.8486	171.429	5.86081	2.21368	284.86
490	1.71795	0.0586081	2.21001	2.84371	171.795	5.86081	2.21001	284.371
500	1.72039	0.0586081	2.20635	2.84127	172.039	5.86081	2.20635	284.127
510	1.72527	0.0586081	2.20391	2.83761	172.527	5.86081	2.20391	283.761
520	1.72772	0.0586081	2.19902	2.83394	172.772	5.86081	2.19902	283.394
530	1.73138	0.0586081	2.19658	2.83028	173.138	5.86081	2.19658	283.028
540	1.73382	0.0586081	2.19292	2.8254	173.382	5.86081	2.19292	282.54
550	1.73626	0.0586081	2.19048	2.82173	173.626	5.86081	2.19048	282.173
560	1.73871	0.0586081	2.18681	2.81685	173.871	5.86081	2.18681	281.685
570	1.74115	0.0586081	2.18437	2.81319	174.115	5.86081	2.18437	281.319
580	1.74237	0.0573871	2.18071	2.8083	174.237	5.73871	2.18071	280.83
590	1.74603	0.0573871	2.17705	2.80586	174.603	5.73871	2.17705	280.586
600	1.74603	0.0573871	2.1746	2.8022	174.603	5.73871	2.1746	280.22
610	1.74847	0.0573871	2.17094	2.79853	174.847	5.73871	2.17094	279.853
620	1.74969	0.0573871	2.16728	2.79365	174.969	5.73871	2.16728	279.365
630	1.75092	0.0573871	2.16484	2.78877	175.092	5.73871	2.16484	278.877
640	1.75092	0.0573871	2.16239	2.7851	175.092	5.73871	2.16239	278.51
650	1.75214	0.0561661	2.15873	2.78144	175.214	5.61661	2.15873	278.144
660	1.75336	0.0573871	2.15507	2.77656	175.336	5.73871	2.15507	277.656
670	1.75336	0.0561661	2.15263	2.77289	175.336	5.61661	2.15263	277.289
680	1.75336	0.0561661	2.14896	2.76923	175.336	5.61661	2.14896	276.923
690	1.75336	0.0561661	2.14774	2.76557	175.336	5.61661	2.14774	276.557
700	1.75458	0.0561661	2.14408	2.7619	175.458	5.61661	2.14408	276.19
710	1.75458	0.0561661	2.13919	2.75702	175.458	5.61661	2.13919	275.702
720	1.75458	0.0573871	2.13553	2.75458	175.458	5.73871	2.13553	275.458
730	1.75336	0.0573871	2.13187	2.74847	175.336	5.73871	2.13187	274.847
740	1.75214	0.0561661	2.12821	2.74481	175.214	5.61661	2.12821	274.481
750	1.75092	0.0561661	2.12332	2.73871	175.092	5.61661	2.12332	273.871
760	1.74969	0.0561661	2.11966	2.73626	174.969	5.61661	2.11966	273.626
770	1.74847	0.0561661	2.11477	2.73016	174.847	5.61661	2.11477	273.016
780	1.74725	0.0549451	2.10989	2.72527	174.725	5.49451	2.10989	272.527
790	1.74481	0.0561661	2.10501	2.71917	174.481	5.61661	2.10501	271.917
800	1.74237	0.0561661	2.10134	2.71306	174.237	5.61661	2.10134	271.306
810	1.74115	0.0549451	2.09524	2.70696	174.115	5.49451	2.09524	270.696
820	1.73748	0.0549451	2.09035	2.70085	173.748	5.49451	2.09035	270.085
830	1.73504	0.0549451	2.08547	2.69475	173.504	5.49451	2.08547	269.475
840	1.73138	0.0537241	2.08059	2.68864	173.138	5.37241	2.08059	268.864
850	1.72772	0.0537241	2.07448	2.68254	172.772	5.37241	2.07448	268.254
860	1.72405	0.0537241	2.0696	2.67521	172.405	5.37241	2.0696	267.521
870	1.72039	0.0549451	2.06349	2.66911	172.039	5.49451	2.06349	266.911
880	1.71673	0.0537241	2.05861	2.663	171.673	5.37241	2.05861	266.3
890	1.71306	0.0537241	2.05372	2.6569	171.306	5.37241	2.05372	265.69
900	1.70818	0.0525031	2.04762	2.64835	170.818	5.25031	2.04762	264.835
910	1.7033	0.0537241	2.04151	2.64225	170.33	5.37241	2.04151	264.225
920	1.69841	0.0537241	2.03541	2.63492	169.841	5.37241	2.03541	263.492
930	1.69353	0.0525031	2.0293	2.62882	169.353	5.25031	2.0293	262.882
940	1.68864	0.0525031	2.02442	2.62027	168.864	5.25031	2.02442	262.027
950	1.68376	0.0525031	2.01832	2.61294	168.376	5.25031	2.01832	261.294
960	1.67766	0.0512821	2.01343	2.60684	167.766	5.12821	2.01343	260.684
970	1.67277	0.0525031	2.00733	2.60073	167.277	5.25031	2.00733	260.073
980	1.66545	0.0512821	2.00122	2.59341	166.545	5.12821	2.00122	259.341
990	1.66056	0.0512821	1.99512	2.58486	166.056	5.12821	1.99512	258.486
1000	1.65446	0.0512821	1.98901	2.57875	165.446	5.12821	1.98901	257.875
1010	1.64957	0.0512821	1.98413	2.57143	164.957	5.12821	1.98413	257.143
1020	1.64347	0.0512821	1.97802	2.56288	164.347	5.12821	1.97802	256.288
1030	1.63736	0.0500611	1.97192	2.55678	163.736	5.00611	1.97192	255.678
1040	1.63126	0.0500611	1.96581	2.55067	163.126	5.00611	1.96581	255.067
1050	1.62515	0.0500611	1.96093	2.54335	162.515	5.00611	1.96093	254.335
1060	1.61905	0.0500611	1.95482	2.53602	161.905	5.00611	1.95482	253.602
1070	1.61294	0.0512821	1.94872	2.52869	161.294	5.12821	1.94872	252.869
1080	1.60684	0.0500611	1.94383	2.52137	160.684	5.00611	1.94383	252.137
1090	1.60073	0.04884	1.93773	2.51404	160.073	4.884	1.93773	251.404
1100	1.59463	0.04884	1.93162	2.50794	159.463	4.884	1.93162	250.794
1110	1.58852	0.04884	1.92674	2.49939	158.852	4.884	1.92674	249.939
1120	1.58242	0.04884	1.92063	2.49328	158.242	4.884	1.92063	249.328
1130	1.57631	0.04884	1.91575	2.48596	157.631	4.884	1.91575	248.596
1140	1.57021	0.047619	1.90965	2.47985	157.021	4.7619	1.90965	247.985
1150	1.5641	0.04884	1.90476	2.47253	156.41	4.884	1.90476	247.253
1160	1.558	0.047619	1.89866	2.46764	155.8	4.7619	1.89866	246.764
1170	1.55189	0.047619	1.89377	2.46032	155.189	4.7619	1.89377	246.032
1180	1.54701	0.047619	1.88889	2.45421	154.701	4.7619	1.88889	245.421
1190	1.5409	0.047619	1.88278	2.44689	154.09	4.7619	1.88278	244.689
1200	1.5348	0.047619	1.87668	2.44078	153.48	4.7619	1.87668	244.078
1210	1.52869	0.046398	1.87302	2.43468	152.869	4.6398	1.87302	243.468
1220	1.52381	0.046398	1.86691	2.42857	152.381	4.6398	1.86691	242.857
1230	1.51893	0.046398	1.86203	2.42125	151.893	4.6398	1.86203	242.125
1240	1.51282	0.046398	1.85714	2.41514	151.282	4.6398	1.85714	241.514
1250	1.50549	0.046398	1.85226	2.40904	150.549	4.6398	1.85226	240.904
1260	1.50183	0.046398	1.84737	2.40415	150.183	4.6398	1.84737	240.415
1270	1.49573	0.046398	1.84249	2.39805	149.573	4.6398	1.84249	239.805
1280	1.49084	0.045177	1.83761	2.39194	149.084	4.5177	1.83761	239.194
1290	1.48474	0.045177	1.83272	2.38584	148.474	4.5177	1.83272	238.584
1300	1.47985	0.045177	1.82784	2.37973	147.985	4.5177	1.82784	237.973
1310	1.47497	0.045177	1.82295	2.37363	147.497	4.5177	1.82295	237.363
1320	1.46886	0.045177	1.81807	2.36874	146.886	4.5177	1.81807	236.874
1330	1.46398	0.043956	1.81319	2.36386	146.398	4.3956	1.81319	236.386
1340	1.4591	0.045177	1.80952	2.35775	145.91	4.5177	1.80952	235.775
1350	1.45421	0.043956	1.80464	2.35165	145.421	4.3956	1.80464	235.165
1360	1.44811	0.043956	1.79976	2.34676	144.811	4.3956	1.79976	234.676
1370	1.44322	0.043956	1.79609	2.34066	144.322	4.3956	1.79609	234.066
1380	1.43834	0.043956	1.79121	2.33578	143.834	4.3956	1.79121	233.578
1390	1.43468	0.043956	1.78632	2.32967	143.468	4.3956	1.78632	232.967
1400	1.42979	0.043956	1.78266	2.32357	142.979	4.3956	1.78266	232.357
1410	1.42369	0.043956	1.77778	2.31868	142.369	4.3956	1.77778	231.868
1420	1.42002	0.043956	1.77411	2.31502	142.002	4.3956	1.77411	231.502
1430	1.41514	0.043956	1.76923	2.30891	141.514	4.3956	1.76923	230.891
1440	1.41148	0.042735	1.76557	2.30403	141.148	4.2735	1.76557	230.403
1450	1.40659	0.042735	1.76068	2.29792	140.659	4.2735	1.76068	229.792
1460	1.40171	0.042735	1.75702	2.29304	140.171	4.2735	1.75702	229.304
1470	1.39683	0.042735	1.75336	2.28816	139.683	4.2735	1.75336	228.816
1480	1.39194	0.042735	1.74847	2.28449	139.194	4.2735	1.74847	228.449
1490	1.38828	0.042735	1.74481	2.27839	138.828	4.2735	1.74481	227.839
1500	1.38339	0.042735	1.74115	2.2735	138.339	4.2735	1.74115	227.35
1510	1.37851	0.041514	1.73626	2.26984	137.851	4.1514	1.73626	226.984
1520	1.37485	0.041514	1.73138	2.26496	137.485	4.1514	1.73138	226.496
1530	1.36996	0.041514	1.72894	2.26007	136.996	4.1514	1.72894	226.007
1540	1.36752	0.041514	1.72405	2.25519	136.752	4.1514	1.72405	225.519
1550	1.36264	0.041514	1.72161	2.25031	136.264	4.1514	1.72161	225.031
1560	1.35775	0.041514	1.71673	2.24664	135.775	4.1514	1.71673	224.664
1570	1.35409	0.041514	1.71306	2.24176	135.409	4.1514	1.71306	224.176
1580	1.34921	0.041514	1.7094	2.23687	134.921	4.1514	1.7094	223.687
1590	1.34554	0.041514	1.70574	2.23199	134.554	4.1514	1.70574	223.199
1600	1.34188	0.040293	1.70208	2.22711	134.188	4.0293	1.70208	222.711
1610	1.33822	0.041514	1.69841	2.22344	133.822	4.1514	1.69841	222.344
1620	1.33333	0.040293	1.69475	2.21856	133.333	4.0293	1.69475	221.856
1630	1.32967	0.040293	1.69109	2.21368	132.967	4.0293	1.69109	221.368
1640	1.32601	0.040293	1.68742	2.20879	132.601	4.0293	1.68742	220.879
1650	1.32234	0.040293	1.68376	2.20513	132.234	4.0293	1.68376	220.513
1660	1.31868	0.040293	1.6801	2.20269	131.868	4.0293	1.6801	220.269
1670	1.31502	0.040293	1.67766	2.1978	131.502	4.0293	1.67766	219.78
1680	1.31136	0.040293	1.67277	2.19292	131.136	4.0293	1.67277	219.292
1690	1.30647	0.039072	1.67033	2.18926	130.647	3.9072	1.67033	218.926
1700	1.30281	0.040293	1.66545	2.18559	130.281	4.0293	1.66545	218.559
1710	1.29915	0.039072	1.663	2.18193	129.915	3.9072	1.663	218.193
1720	1.29426	0.039072	1.65812	2.17582	129.426	3.9072	1.65812	217.582
1730	1.28816	0.039072	1.65324	2.17094	128.816	3.9072	1.65324	217.094
1740	1.28327	0.039072	1.64957	2.16606	128.327	3.9072	1.64957	216.606
1750	1.27717	0.039072	1.64469	2.16117	127.717	3.9072	1.64469	216.117
1760	1.27106	0.039072	1.6398	2.15507	127.106	3.9072	1.6398	215.507
1770	1.2674	0.039072	1.63492	2.14896	126.74	3.9072	1.63492	214.896
1780	1.26129	0.039072	1.62882	2.14286	126.129	3.9072	1.62882	214.286
1790	1.25519	0.039072	1.62393	2.13797	125.519	3.9072	1.62393	213.797
1800	1.24908	0.039072	1.61783	2.13187	124.908	3.9072	1.61783	213.187
1810	1.24298	0.039072	1.61172	2.12454	124.298	3.9072	1.61172	212.454
1820	1.23687	0.039072	1.60684	2.11722	123.687	3.9072	1.60684	211.722
1830	1.23077	0.039072	1.59951	2.11111	123.077	3.9072	1.59951	211.111
1840	1.22466	0.039072	1.59341	2.10256	122.466	3.9072	1.59341	210.256
1850	1.21856	0.037851	1.58608	2.09646	121.856	3.7851	1.58608	209.646
1860	1.21245	0.037851	1.57998	2.08791	121.245	3.7851	1.57998	208.791
1870	1.20513	0.037851	1.57387	2.08059	120.513	3.7851	1.57387	208.059
1880	1.19902	0.03663	1.56654	2.07448	119.902	3.663	1.56654	207.448
1890	1.1917	0.03663	1.56044	2.06471	119.17	3.663	1.56044	206.471
1900	1.18559	0.03663	1.55311	2.05739	118.559	3.663	1.55311	205.739
1910	1.17827	0.03663	1.54701	2.05006	117.827	3.663	1.54701	205.006
1920	1.17216	0.035409	1.5409	2.04274	117.216	3.5409	1.5409	204.274
1930	1.16484	0.03663	1.53358	2.03419	116.484	3.663	1.53358	203.419
1940	1.15873	0.035409	1.52747	2.02686	115.873	3.5409	1.52747	202.686
1950	1.1514	0.035409	1.51893	2.01832	115.14	3.5409	1.51893	201.832
1960	1.1453	0.035409	1.51282	2.01099	114.53	3.5409	1.51282	201.099
1970	1.13797	0.035409	1.50672	2.00244	113.797	3.5409	1.50672	200.244
1980	1.13187	0.035409	1.49939	1.99512	113.187	3.5409	1.49939	199.512
1990	1.12454	0.034188	1.49206	1.98657	112.454	3.4188	1.49206	198.657
2000	1.11844	0.034188	1.48596	1.98046	111.844	3.4188	1.48596	198.046
2010	1.11111	0.034188	1.47985	1.97192	111.111	3.4188	1.47985	197.192
2020	1.10501	0.034188	1.47375	1.96459	110.501	3.4188	1.47375	196.459
2030	1.0989	0.034188	1.46764	1.95727	109.89	3.4188	1.46764	195.727
2040	1.0928	0.034188	1.46032	1.94872	109.28	3.4188	1.46032	194.872
2050	1.08547	0.034188	1.45299	1.94139	108.547	3.4188	1.45299	194.139
2060	1.07937	0.032967	1.44689	1.93407	107.937	3.2967	1.44689	193.407
2070	1.07326	0.032967	1.44078	1.92552	107.326	3.2967	1.44078	192.552
2080	1.06716	0.032967	1.43346	1.91941	106.716	3.2967	1.43346	191.941
2090	1.06105	0.032967	1.42735	1.91087	106.105	3.2967	1.42735	191.087
2100	1.05495	0.031746	1.42125	1.90476	105.495	3.1746	1.42125	190.476
2110	1.04884	0.031746	1.41514	1.89744	104.884	3.1746	1.41514	189.744
2120	1.04274	0.031746	1.40904	1.89133	104.274	3.1746	1.40904	189.133
2130	1.03663	0.031746	1.40293	1.88278	103.663	3.1746	1.40293	188.278
2140	1.03175	0.031746	1.39683	1.87668	103.175	3.1746	1.39683	187.668
2150	1.02442	0.031746	1.39072	1.86935	102.442	3.1746	1.39072	186.935
2160	1.01954	0.031746	1.38462	1.86325	101.954	3.1746	1.38462	186.325
2170	1.01343	0.030525	1.37851	1.85592	101.343	3.0525	1.37851	185.592
2180	1.00855	0.030525	1.37363	1.84982	100.855	3.0525	1.37363	184.982
2190	1.00366	0.030525	1.3663	1.84371	100.366	3.0525	1.3663	184.371
2200	0.997558	0.030525	1.36142	1.83639	99.7558	3.0525	1.36142	183.639
2210	0.992674	0.030525	1.35653	1.83028	99.2674	3.0525	1.35653	183.028
2220	0.986569	0.030525	1.35043	1.82418	98.6569	3.0525	1.35043	182.418
2230	0.981685	0.029304	1.34432	1.81807	98.1685	2.9304	1.34432	181.807
2240	0.976801	0.029304	1.33944	1.81074	97.6801	2.9304	1.33944	181.074
2250	0.971917	0.029304	1.33333	1.80586	97.1917	2.9304	1.33333	180.586
2260	0.965812	0.029304	1.32845	1.79853	96.5812	2.9304	1.32845	179.853
2270	0.962149	0.029304	1.32357	1.79365	96.2149	2.9304	1.32357	179.365
2280	0.957265	0.029304	1.31746	1.78755	95.7265	2.9304	1.31746	178.755
2290	0.952381	0.028083	1.31136	1.78144	95.2381	2.8083	1.31136	178.144
2300	0.946276	0.029304	1.30647	1.77656	94.6276	2.9304	1.30647	177.656
2310	0.941392	0.029304	1.30037	1.77045	94.1392	2.9304	1.30037	177.045
2320	0.935287	0.029304	1.29548	1.76435	93.5287	2.9304	1.29548	176.435
2330	0.929182	0.029304	1.28938	1.75702	92.9182	2.9304	1.28938	175.702
2340	0.921856	0.028083	1.28327	1.75092	92.1856	2.8083	1.28327	175.092
2350	0.91453	0.028083	1.27595	1.74359	91.453	2.8083	1.27595	174.359
2360	0.908425	0.028083	1.26862	1.73626	90.8425	2.8083	1.26862	173.626
2370	0.901099	0.028083	1.26129	1.73016	90.1099	2.8083	1.26129	173.016
2380	0.894994	0.028083	1.25397	1.72283	89.4994	2.8083	1.25397	172.283
2390	0.888889	0.026862	1.24664	1.71306	88.8889	2.6862	1.24664	171.306
2400	0.882784	0.026862	1.2381	1.70452	88.2784	2.6862	1.2381	170.452
2410	0.875458	0.026862	1.22955	1.69719	87.5458	2.6862	1.22955	169.719
2420	0.868132	0.026862	1.22222	1.68742	86.8132	2.6862	1.22222	168.742
2430	0.860806	0.026862	1.21368	1.67888	86.0806	2.6862	1.21368	167.888
2440	0.854701	0.026862	1.20513	1.67033	85.4701	2.6862	1.20513	167.033
2450	0.846154	0.025641	1.19658	1.66178	84.6154	2.5641	1.19658	166.178
2460	0.838828	0.025641	1.18803	1.65201	83.8828	2.5641	1.18803	165.201
2470	0.832723	0.025641	1.17949	1.64225	83.2723	2.5641	1.17949	164.225
2480	0.824176	0.025641	1.16972	1.63248	82.4176	2.5641	1.16972	163.248
2490	0.81685	0.02442	1.16117	1.62393	81.685	2.442	1.16117	162.393
2500	0.809524	0.02442	1.15263	1.61294	80.9524	2.442	1.15263	161.294
2510	0.802198	0.02442	1.14286	1.6044	80.2198	2.442	1.14286	160.44
2520	0.794872	0.02442	1.13553	1.59585	79.4872	2.442	1.13553	159.585
2530	0.787546	0.02442	1.12576	1.58608	78.7546	2.442	1.12576	158.608
2540	0.781441	0.02442	1.116	1.57631	78.1441	2.442	1.116	157.631
2550	0.772894	0.023199	1.10867	1.56777	77.2894	2.3199	1.10867	156.777
2560	0.765568	0.021978	1.10012	1.558	76.5568	2.1978	1.10012	155.8
2570	0.759463	0.023199	1.09158	1.54823	75.9463	2.3199	1.09158	154.823
2580	0.752137	0.023199	1.08303	1.53968	75.2137	2.3199	1.08303	153.968
2590	0.746032	0.021978	1.07448	1.53114	74.6032	2.1978	1.07448	153.114
2600	0.738706	0.021978	1.06593	1.52259	73.8706	2.1978	1.06593	152.259
2610	0.732601	0.021978	1.05739	1.51404	73.2601	2.1978	1.05739	151.404
2620	0.726496	0.021978	1.05006	1.50549	72.6496	2.1978	1.05006	150.549
2630	0.71917	0.021978	1.04151	1.49695	71.917	2.1978	1.04151	149.695
2640	0.713065	0.020757	1.03297	1.4884	71.3065	2.0757	1.03297	148.84
2650	0.70696	0.020757	1.02564	1.47985	70.696	2.0757	1.02564	147.985
2660	0.699634	0.020757	1.01832	1.47131	69.9634	2.0757	1.01832	147.131
2670	0.69475	0.019536	1.00977	1.46276	69.475	1.9536	1.00977	146.276
2680	0.688645	0.019536	1.00244	1.45543	68.8645	1.9536	1.00244	145.543
2690	0.68254	0.019536	0.993895	1.44811	68.254	1.9536	0.993895	144.811
2700	0.675214	0.019536	0.986569	1.43956	67.5214	1.9536	0.986569	143.956
2710	0.669109	0.019536	0.979243	1.43101	66.9109	1.9536	0.979243	143.101
2720	0.664225	0.019536	0.971917	1.42491	66.4225	1.9536	0.971917	142.491
2730	0.65812	0.019536	0.964591	1.41636	65.812	1.9536	0.964591	141.636
2740	0.653236	0.019536	0.957265	1.40904	65.3236	1.9536	0.957265	140.904
2750	0.648352	0.019536	0.949939	1.40293	64.8352	1.9536	0.949939	140.293
2760	0.643468	0.019536	0.942613	1.3956	64.3468	1.9536	0.942613	139.56
2770	0.638584	0.018315	0.935287	1.38828	63.8584	1.8315	0.935287	138.828
2780	0.632479	0.018315	0.929182	1.38095	63.2479	1.8315	0.929182	138.095
2790	0.628816	0.018315	0.923077	1.37485	62.8816	1.8315	0.923077	137.485
2800	0.623932	0.017094	0.915751	1.36752	62.3932	1.7094	0.915751	136.752
2810	0.619048	0.017094	0.909646	1.3602	61.9048	1.7094	0.909646	136.02
2820	0.614164	0.018315	0.903541	1.35531	61.4164	1.8315	0.903541	135.531
2830	0.60928	0.017094	0.897436	1.34799	60.928	1.7094	0.897436	134.799
2840	0.605617	0.017094	0.891331	1.34188	60.5617	1.7094	0.891331	134.188
2850	0.600733	0.017094	0.885226	1.33578	60.0733	1.7094	0.885226	133.578
2860	0.59707	0.017094	0.879121	1.33089	59.707	1.7094	0.879121	133.089
2870	0.592186	0.017094	0.874237	1.32479	59.2186	1.7094	0.874237	132.479
2880	0.588523	0.017094	0.868132	1.3199	58.8523	1.7094	0.868132	131.99
2890	0.58486	0.017094	0.862027	1.3138	58.486	1.7094	0.862027	131.38
2900	0.581197	0.015873	0.857143	1.30891	58.1197	1.5873	0.857143	130.891
2910	0.577534	0.015873	0.852259	1.30281	57.7534	1.5873	0.852259	130.281
2920	0.573871	0.015873	0.847375	1.29915	57.3871	1.5873	0.847375	129.915
2930	0.570208	0.015873	0.84127	1.29426	57.0208	1.5873	0.84127	129.426
2940	0.566545	0.015873	0.837607	1.28694	56.6545	1.5873	0.837607	128.694
2950	0.562882	0.015873	0.832723	1.28327	56.2882	1.5873	0.832723	128.327
2960	0.56044	0.015873	0.826618	1.27839	56.044	1.5873	0.826618	127.839
2970	0.556777	0.015873	0.822955	1.2735	55.6777	1.5873	0.822955	127.35
2980	0.553114	0.015873	0.818071	1.26984	55.3114	1.5873	0.818071	126.984
2990	0.550672	0.015873	0.813187	1.26496	55.0672	1.5873	0.813187	126.496
3000	0.547009	0.014652	0.808303	1.26007	54.7009	1.4652	0.808303	126.007
3010	0.543346	0.014652	0.803419	1.25641	54.3346	1.4652	0.803419	125.641
3020	0.539683	0.014652	0.799756	1.25153	53.9683	1.4652	0.799756	125.153
3030	0.534799	0.014652	0.794872	1.24786	53.4799	1.4652	0.794872	124.786
3040	0.532357	0.014652	0.789988	1.2442	53.2357	1.4652	0.789988	124.42
3050	0.527473	0.015873	0.783883	1.24054	52.7473	1.5873	0.783883	124.054
3060	0.52381	0.014652	0.78022	1.23565	52.381	1.4652	0.78022	123.565
3070	0.521368	0.014652	0.774115	1.23077	52.1368	1.4652	0.774115	123.077
3080	0.517705	0.014652	0.770452	1.22589	51.7705	1.4652	0.770452	122.589
3090	0.514042	0.014652	0.765568	1.22222	51.4042	1.4652	0.765568	122.222
3100	0.5116	0.013431	0.760684	1.21856	51.16	1.3431	0.760684	121.856
3110	0.509158	0.013431	0.757021	1.2149	50.9158	1.3431	0.757021	121.49
3120	0.505495	0.014652	0.752137	1.21001	50.5495	1.4652	0.752137	121.001
3130	0.503053	0.013431	0.747253	1.20513	50.3053	1.3431	0.747253	120.513
3140	0.499389	0.013431	0.74359	1.20147	49.9389	1.3431	0.74359	120.147
3150	0.496947	0.013431	0.738706	1.19658	49.6947	1.3431	0.738706	119.658
3160	0.493284	0.013431	0.733822	1.19292	49.3284	1.3431	0.733822	119.292
3170	0.490842	0.013431	0.730159	1.18926	49.0842	1.3431	0.730159	118.926
3180	0.489621	0.01221	0.726496	1.18559	48.9621	1.221	0.726496	118.559
3190	0.487179	0.01221	0.721612	1.18071	48.7179	1.221	0.721612	118.071
3200	0.483516	0.013431	0.717949	1.17705	48.3516	1.3431	0.717949	117.705
3210	0.481074	0.01221	0.713065	1.17338	48.1074	1.221	0.713065	117.338
3220	0.478632	0.01221	0.708181	1.16972	47.8632	1.221	0.708181	116.972
3230	0.47619	0.01221	0.704518	1.16728	47.619	1.221	0.704518	116.728
3240	0.473748	0.01221	0.700855	1.16239	47.3748	1.221	0.700855	116.239
3250	0.471306	0.01221	0.697192	1.15873	47.1306	1.221	0.697192	115.873
3260	0.468864	0.01221	0.693529	1.15507	46.8864	1.221	0.693529	115.507
3270	0.466422	0.01221	0.689866	1.1514	46.6422	1.221	0.689866	115.14
3280	0.46398	0.01221	0.686203	1.15018	46.398	1.221	0.686203	115.018
3290	0.461538	0.01221	0.683761	1.14652	46.1538	1.221	0.683761	114.652
3300	0.466422	0.00854701	0.683761	1.14286	46.6422	0.854701	0.683761	114.286
3310	0.483516	0.00976801	0.688645	1.1453	48.3516	0.976801	0.688645	114.53
3320	0.493284	0.00976801	0.691087	1.14896	49.3284	0.976801	0.691087	114.896
3330	0.496947	0.00976801	0.695971	1.15385	49.6947	0.976801	0.695971	115.385
3340	0.499389	0.00976801	0.699634	1.15507	49.9389	0.976801	0.699634	115.507
3350	0.503053	0.00976801	0.70696	1.15873	50.3053	0.976801	0.70696	115.873
3360	0.505495	0.010989	0.713065	1.16117	50.5495	1.0989	0.713065	116.117
3370	0.510379	0.00976801	0.720391	1.16606	51.0379	0.976801	0.720391	116.606
3380	0.514042	0.010989	0.728938	1.17338	51.4042	1.0989	0.728938	117.338
3390	0.520147	0.010989	0.737485	1.17949	52.0147	1.0989	0.737485	117.949
3400	0.526252	0.010989	0.748474	1.18803	52.6252	1.0989	0.748474	118.803
3410	0.532357	0.010989	0.758242	1.19536	53.2357	1.0989	0.758242	119.536
3420	0.539683	0.01221	0.770452	1.20513	53.9683	1.221	0.770452	120.513
3430	0.547009	0.01221	0.782662	1.2149	54.7009	1.221	0.782662	121.49
3440	0.554335	0.01221	0.796093	1.22589	55.4335	1.221	0.796093	122.589
3450	0.564103	0.013431	0.809524	1.23687	56.4103	1.3431	0.809524	123.687
3460	0.57265	0.013431	0.822955	1.24908	57.265	1.3431	0.822955	124.908
3470	0.581197	0.013431	0.840049	1.26129	58.1197	1.3431	0.840049	126.129
3480	0.590965	0.013431	0.852259	1.27473	59.0965	1.3431	0.852259	127.473
3490	0.601954	0.013431	0.868132	1.28694	60.1954	1.3431	0.868132	128.694
3500	0.611722	0.014652	0.884005	1.30281	61.1722	1.4652	0.884005	130.281
3510	0.622711	0.014652	0.899878	1.31746	62.2711	1.4652	0.899878	131.746
3520	0.6337	0.014652	0.915751	1.33211	63.37	1.4652	0.915751	133.211
3530	0.644689	0.015873	0.932845	1.34676	64.4689	1.5873	0.932845	134.676
3540	0.655678	0.015873	0.95116	1.36264	65.5678	1.5873	0.95116	136.264
3550	0.667888	0.015873	0.965812	1.37973	66.7888	1.5873	0.965812	137.973
3560	0.680098	0.015873	0.984127	1.3956	68.0098	1.5873	0.984127	139.56
3570	0.692308	0.017094	1	1.4127	69.2308	1.7094	1	141.27
3580	0.704518	0.017094	1.01709	1.43101	70.4518	1.7094	1.01709	143.101
3590	0.717949	0.018315	1.03419	1.44689	71.7949	1.8315	1.03419	144.689
3600	0.730159	0.018315	1.05128	1.46398	73.0159	1.8315	1.05128	146.398
3610	0.74359	0.018315	1.0696	1.48107	74.359	1.8315	1.0696	148.107
3620	0.757021	0.019536	1.08669	1.50061	75.7021	1.9536	1.08669	150.061
3630	0.769231	0.019536	1.10256	1.51893	76.9231	1.9536	1.10256	151.893
3640	0.782662	0.019536	1.1221	1.53724	78.2662	1.9536	1.1221	153.724
3650	0.797314	0.020757	1.13797	1.55433	79.7314	2.0757	1.13797	155.433
3660	0.811966	0.021978	1.15629	1.57387	81.1966	2.1978	1.15629	157.387
3670	0.826618	0.021978	1.1746	1.59219	82.6618	2.1978	1.1746	159.219
3680	0.840049	0.021978	1.1917	1.6105	84.0049	2.1978	1.1917	161.05
3690	0.854701	0.023199	1.20879	1.63004	85.4701	2.3199	1.20879	163.004
3700	0.869353	0.023199	1.22711	1.65079	86.9353	2.3199	1.22711	165.079
3710	0.884005	0.023199	1.24298	1.66911	88.4005	2.3199	1.24298	166.911
3720	0.898657	0.02442	1.26129	1.68742	89.8657	2.442	1.26129	168.742
3730	0.913309	0.02442	1.27839	1.70574	91.3309	2.442	1.27839	170.574
3740	0.929182	0.02442	1.2967	1.7265	92.9182	2.442	1.2967	172.65
3750	0.945055	0.025641	1.3138	1.74481	94.5055	2.5641	1.3138	174.481
3760	0.960928	0.025641	1.33211	1.76435	96.0928	2.5641	1.33211	176.435
3770	0.97558	0.026862	1.34799	1.78388	97.558	2.6862	1.34799	178.388
3780	0.991453	0.026862	1.36386	1.8022	99.1453	2.6862	1.36386	180.22
3790	1.00733	0.028083	1.38339	1.82173	100.733	2.8083	1.38339	182.173
3800	1.0232	0.029304	1.40049	1.84249	102.32	2.9304	1.40049	184.249
3810	1.04029	0.029304	1.41758	1.86325	104.029	2.9304	1.41758	186.325
3820	1.05617	0.029304	1.43468	1.88156	105.617	2.9304	1.43468	188.156
3830	1.07204	0.030525	1.45177	1.9011	107.204	3.0525	1.45177	190.11
3840	1.08791	0.029304	1.46764	1.92063	108.791	2.9304	1.46764	192.063
3850	1.10379	0.030525	1.48474	1.94017	110.379	3.0525	1.48474	194.017
3860	1.11966	0.031746	1.50183	1.95971	111.966	3.1746	1.50183	195.971
3870	1.13675	0.031746	1.51893	1.97924	113.675	3.1746	1.51893	197.924
3880	1.15263	0.031746	1.53602	2	115.263	3.1746	1.53602	200
3890	1.16972	0.032967	1.55311	2.01832	116.972	3.2967	1.55311	201.832
3900	1.18559	0.034188	1.56777	2.03785	118.559	3.4188	1.56777	203.785
3910	1.20269	0.034188	1.5873	2.05739	120.269	3.4188	1.5873	205.739
3920	1.21856	0.034188	1.60317	2.07692	121.856	3.4188	1.60317	207.692
3930	1.23565	0.035409	1.61783	2.09646	123.565	3.5409	1.61783	209.646
3940	1.25275	0.03663	1.63614	2.116	125.275	3.663	1.63614	211.6
3950	1.26984	0.035409	1.65201	2.13553	126.984	3.5409	1.65201	213.553
3960	1.28694	0.03663	1.66789	2.15385	128.694	3.663	1.66789	215.385
3970	1.30281	0.03663	1.68376	2.17338	130.281	3.663	1.68376	217.338
3980	1.3199	0.037851	1.70085	2.19292	131.99	3.7851	1.70085	219.292
3990	1.33578	0.039072	1.71551	2.21123	133.578	3.9072	1.71551	221.123
4000	1.35287	0.039072	1.7326	2.22955	135.287	3.9072	1.7326	222.955
4010	1.36996	0.040293	1.74725	2.24786	136.996	4.0293	1.74725	224.786
4020	1.38706	0.040293	1.76313	2.2674	138.706	4.0293	1.76313	226.74
4030	1.40415	0.040293	1.77778	2.28694	140.415	4.0293	1.77778	228.694
4040	1.42125	0.041514	1.79365	2.30403	142.125	4.1514	1.79365	230.403
4050	1.43834	0.041514	1.80952	2.32234	143.834	4.1514	1.80952	232.234
4060	1.45543	0.042735	1.8254	2.33944	145.543	4.2735	1.8254	233.944
4070	1.47253	0.042735	1.84005	2.3602	147.253	4.2735	1.84005	236.02
4080	1.48718	0.043956	1.8547	2.37729	148.718	4.3956	1.8547	237.729
4090	1.50427	0.043956	1.87057	2.3956	150.427	4.3956	1.87057	239.56
4100	1.52381	0.043956	1.88523	2.4127	152.381	4.3956	1.88523	241.27
4110	1.5409	0.045177	1.89866	2.42979	154.09	4.5177	1.89866	242.979
4120	1.55678	0.045177	1.91331	2.44811	155.678	4.5177	1.91331	244.811
4130	1.57387	0.045177	1.92796	2.4652	157.387	4.5177	1.92796	246.52
4140	1.58852	0.046398	1.94261	2.4823	158.852	4.6398	1.94261	248.23
4150	1.6044	0.046398	1.95604	2.49939	160.44	4.6398	1.95604	249.939
4160	1.61905	0.047619	1.9707	2.5177	161.905	4.7619	1.9707	251.77
4170	1.6337	0.047619	1.98413	2.53602	163.37	4.7619	1.98413	253.602
4180	1.64835	0.04884	1.99878	2.55189	164.835	4.884	1.99878	255.189
4190	1.663	0.04884	2.01221	2.57021	166.3	4.884	2.01221	257.021
4200	1.67643	0.0500611	2.02564	2.58608	167.643	5.00611	2.02564	258.608
4210	1.68864	0.0500611	2.04029	2.60195	168.864	5.00611	2.04029	260.195
4220	1.70085	0.0512821	2.0525	2.61905	170.085	5.12821	2.0525	261.905
4230	1.71184	0.0525031	2.06593	2.63492	171.184	5.25031	2.06593	263.492
4240	1.72283	0.0512821	2.07937	2.65324	172.283	5.12821	2.07937	265.324
4250	1.7326	0.0525031	2.09158	2.66911	173.26	5.25031	2.09158	266.911
4260	1.73993	0.0525031	2.10623	2.68498	173.993	5.25031	2.10623	268.498
4270	1.74725	0.0537241	2.11844	2.7033	174.725	5.37241	2.11844	270.33
4280	1.75336	0.0537241	2.13187	2.71795	175.336	5.37241	2.13187	271.795
4290	1.75824	0.0537241	2.14408	2.7326	175.824	5.37241	2.14408	273.26
4300	1.75946	0.0537241	2.15629	2.74969	175.946	5.37241	2.15629	274.969
4310	1.75824	0.0561661	2.16972	2.76557	175.824	5.61661	2.16972	276.557
4320	1.75702	0.0549451	2.18071	2.78144	175.702	5.49451	2.18071	278.144
4330	1.75214	0.0561661	2.1917	2.79609	175.214	5.61661	2.1917	279.609
4340	1.74115	0.0573871	2.20513	2.81197	174.115	5.73871	2.20513	281.197
4350	1.7326	0.0573871	2.21612	2.82662	173.26	5.73871	2.21612	282.662
4360	1.72039	0.0573871	2.22833	2.84127	172.039	5.73871	2.22833	284.127
4370	1.70452	0.0586081	2.24054	2.85714	170.452	5.86081	2.24054	285.714
4380	1.68742	0.0586081	2.25153	2.87179	168.742	5.86081	2.25153	287.179
4390	1.66667	0.0586081	2.26252	2.88645	166.667	5.86081	2.26252	288.645
4400	1.64347	0.0586081	2.2735	2.9011	164.347	5.86081	2.2735	290.11
4410	1.61905	0.0598291	2.28449	2.91453	161.905	5.98291	2.28449	291.453
4420	1.59219	0.0610501	2.2967	2.92918	159.219	6.10501	2.2967	292.918
4430	1.56288	0.0610501	2.30769	2.94506	156.288	6.10501	2.30769	294.506
4440	1.53114	0.0610501	2.31624	2.95727	153.114	6.10501	2.31624	295.727
4450	1.49817	0.0610501	2.32845	2.97192	149.817	6.10501	2.32845	297.192
4460	1.46398	0.0622711	2.33822	2.98413	146.398	6.22711	2.33822	298.413
4470	1.42979	0.0622711	2.34921	2.99878	142.979	6.22711	2.34921	299.878
4480	1.39316	0.0634921	2.3602	3.01343	139.316	6.34921	2.3602	301.343
4490	1.35165	0.0634921	2.36996	3.02564	135.165	6.34921	2.36996	302.564
4500	1.31013	0.0634921	2.38095	3.03907	131.013	6.34921	2.38095	303.907
4510	1.27106	0.0647131	2.39194	3.0525	127.106	6.47131	2.39194	305.25
4520	1.23199	0.0647131	2.40171	3.06471	123.199	6.47131	2.40171	306.471
4530	1.19292	0.0647131	2.41148	3.07937	119.292	6.47131	2.41148	307.937
4540	1.15385	0.0659341	2.42125	3.09158	115.385	6.59341	2.42125	309.158
4550	1.116	0.0659341	2.43223	3.10379	111.6	6.59341	2.43223	310.379
4560	1.07937	0.0659341	2.44078	3.11844	107.937	6.59341	2.44078	311.844
4570	1.03907	0.0659341	2.45055	3.13065	103.907	6.59341	2.45055	313.065
4580	1	0.0659341	2.46032	3.14408	100	6.59341	2.46032	314.408
4590	0.959707	0.0671551	2.47253	3.15873	95.9707	6.71551	2.47253	315.873
4600	0.920635	0.0671551	2.4823	3.17338	92.0635	6.71551	2.4823	317.338
4610	0.885226	0.0671551	2.49328	3.18926	88.5226	6.71551	2.49328	318.926
4620	0.852259	0.0683761	2.50427	3.20147	85.2259	6.83761	2.50427	320.147
4630	0.821734	0.0695971	2.51404	3.21734	82.1734	6.95971	2.51404	321.734
4640	0.791209	0.0695971	2.52381	3.23199	79.1209	6.95971	2.52381	323.199
4650	0.763126	0.0695971	2.53358	3.2442	76.3126	6.95971	2.53358	324.42
4660	0.736264	0.0708181	2.5409	3.25763	73.6264	7.08181	2.5409	325.763
4670	0.709402	0.0708181	2.55311	3.26862	70.9402	7.08181	2.55311	326.862
4680	0.683761	0.0708181	2.56044	3.28327	68.3761	7.08181	2.56044	328.327
4690	0.659341	0.0708181	2.56899	3.29304	65.9341	7.08181	2.56899	329.304
4700	0.636142	0.0720391	2.57753	3.30525	63.6142	7.20391	2.57753	330.525
4710	0.614164	0.0720391	2.58608	3.31746	61.4164	7.20391	2.58608	331.746
4720	0.593407	0.0720391	2.59463	3.32723	59.3407	7.20391	2.59463	332.723
4730	0.573871	0.0732601	2.60317	3.33822	57.3871	7.32601	2.60317	333.822
4740	0.554335	0.0732601	2.6105	3.35043	55.4335	7.32601	2.6105	335.043
4750	0.53602	0.0744811	2.61905	3.36142	53.602	7.44811	2.61905	336.142
4760	0.518926	0.0744811	2.62637	3.36996	51.8926	7.44811	2.62637	336.996
4770	0.503053	0.0744811	2.6337	3.38217	50.3053	7.44811	2.6337	338.217
4780	0.485958	0.0757021	2.64103	3.39194	48.5958	7.57021	2.64103	339.194
4790	0.471306	0.0757021	2.64957	3.40171	47.1306	7.57021	2.64957	340.171
4800	0.456654	0.0757021	2.6569	3.41148	45.6654	7.57021	2.6569	341.148
4810	0.443223	0.0757021	2.66422	3.42247	44.3223	7.57021	2.66422	342.247
4820	0.429792	0.0769231	2.66911	3.43101	42.9792	7.69231	2.66911	343.101
4830	0.417582	0.0769231	2.67766	3.44078	41.7582	7.69231	2.67766	344.078
4840	0.405372	0.0781441	2.6862	3.45177	40.5372	7.81441	2.6862	345.177
4850	0.393162	0.0781441	2.69231	3.46154	39.3162	7.81441	2.69231	346.154
4860	0.382173	0.0781441	2.70085	3.46886	38.2173	7.81441	2.70085	346.886
4870	0.369963	0.0781441	2.70696	3.47985	36.9963	7.81441	2.70696	347.985
4880	0.360195	0.0781441	2.71551	3.4884	36.0195	7.81441	2.71551	348.84
4890	0.350427	0.0793651	2.72039	3.49817	35.0427	7.93651	2.72039	349.817
4900	0.339438	0.0793651	2.72772	3.50794	33.9438	7.93651	2.72772	350.794
4910	0.330891	0.0781441	2.73504	3.51648	33.0891	7.81441	2.73504	351.648
4920	0.321123	0.0793651	2.74115	3.52625	32.1123	7.93651	2.74115	352.625
4930	0.312576	0.0793651	2.74725	3.5348	31.2576	7.93651	2.74725	353.48
4940	0.304029	0.0805861	2.7558	3.54457	30.4029	8.05861	2.7558	354.457
4950	0.295482	0.0805861	2.7619	3.55311	29.5482	8.05861	2.7619	355.311
4960	0.286935	0.0805861	2.77045	3.56288	28.6935	8.05861	2.77045	356.288
4970	0.279609	0.0818071	2.77656	3.57143	27.9609	8.18071	2.77656	357.143
4980	0.272283	0.0805861	2.78144	3.5812	27.2283	8.05861	2.78144	358.12
4990	0.264957	0.0818071	2.78877	3.59096	26.4957	8.18071	2.78877	359.096
5000	0.258852	0.0818071	2.79609	3.59951	25.8852	8.18071	2.79609	359.951
5010	0.251526	0.0818071	2.80342	3.60806	25.1526	8.18071	2.80342	360.806
5020	0.2442	0.0830281	2.80952	3.61783	24.42	8.30281	2.80952	361.783
5030	0.238095	0.0830281	2.81563	3.62515	23.8095	8.30281	2.81563	362.515
5040	0.23199	0.0842491	2.82295	3.63614	23.199	8.42491	2.82295	363.614
5050	0.225885	0.0830281	2.82906	3.64469	22.5885	8.30281	2.82906	364.469
5060	0.21978	0.0842491	2.83639	3.65324	21.978	8.42491	2.83639	365.324
5070	0.214896	0.0842491	2.84249	3.663	21.4896	8.42491	2.84249	366.3
5080	0.208791	0.0842491	2.84982	3.67155	20.8791	8.42491	2.84982	367.155
5090	0.203907	0.0854701	2.85592	3.6801	20.3907	8.54701	2.85592	368.01
5100	0.199023	0.0854701	2.86325	3.69109	19.9023	8.54701	2.86325	369.109
5110	0.194139	0.0854701	2.87057	3.69841	19.4139	8.54701	2.87057	369.841
5120	0.188034	0.0854701	2.87668	3.70696	18.8034	8.54701	2.87668	370.696
5130	0.184371	0.0866911	2.88278	3.71795	18.4371	8.66911	2.88278	371.795
5140	0.179487	0.0866911	2.89011	3.72527	17.9487	8.66911	2.89011	372.527
5150	0.174603	0.0866911	2.89621	3.73504	17.4603	8.66911	2.89621	373.504
5160	0.17094	0.0866911	2.90354	3.74237	17.094	8.66911	2.90354	374.237
5170	0.167277	0.0879121	2.90965	3.75214	16.7277	8.79121	2.90965	375.214
5180	0.162393	0.0879121	2.91575	3.7619	16.2393	8.79121	2.91575	376.19
5190	0.15873	0.0879121	2.92308	3.77045	15.873	8.79121	2.92308	377.045
5200	0.156288	0.0879121	2.9304	3.779	15.6288	8.79121	2.9304	377.9
5210	0.151404	0.0891331	2.93651	3.78755	15.1404	8.91331	2.93651	378.755
5220	0.147741	0.0891331	2.94139	3.79609	14.7741	8.91331	2.94139	379.609
5230	0.144078	0.0891331	2.94994	3.80586	14.4078	8.91331	2.94994	380.586
5240	0.141636	0.0891331	2.95482	3.81319	14.1636	8.91331	2.95482	381.319
5250	0.137973	0.0903541	2.96337	3.82173	13.7973	9.03541	2.96337	382.173
5260	0.13431	0.0903541	2.96703	3.83272	13.431	9.03541	2.96703	383.272
5270	0.131868	0.0903541	2.97436	3.84005	13.1868	9.03541	2.97436	384.005
5280	0.128205	0.0903541	2.98169	3.85104	12.8205	9.03541	2.98169	385.104
5290	0.125763	0.0915751	2.98779	3.85836	12.5763	9.15751	2.98779	385.836
5300	0.1221	0.0915751	2.9939	3.86813	12.21	9.15751	2.9939	386.813
5310	0.119658	0.0915751	3.00122	3.87668	11.9658	9.15751	3.00122	387.668
5320	0.117216	0.0927961	3.00855	3.88523	11.7216	9.27961	3.00855	388.523
5330	0.114774	0.0915751	3.01465	3.89621	11.4774	9.15751	3.01465	389.621
5340	0.112332	0.0927961	3.02076	3.90354	11.2332	9.27961	3.02076	390.354
5350	0.10989	0.0927961	3.02686	3.91331	10.989	9.27961	3.02686	391.331
5360	0.107448	0.0927961	3.03175	3.92186	10.7448	9.27961	3.03175	392.186
5370	0.105006	0.0927961	3.03907	3.93285	10.5006	9.27961	3.03907	393.285
5380	0.103785	0.0940171	3.04518	3.94506	10.3785	9.40171	3.04518	394.506
5390	0.101343	0.0940171	3.05128	3.95482	10.1343	9.40171	3.05128	395.482
5400	0.0989011	0.0940171	3.05739	3.96581	9.89011	9.40171	3.05739	396.581
5410	0.0976801	0.0952381	3.06593	3.97558	9.76801	9.52381	3.06593	397.558
5420	0.0952381	0.0952381	3.07204	3.98657	9.52381	9.52381	3.07204	398.657
5430	0.0927961	0.0952381	3.07814	3.99512	9.27961	9.52381	3.07814	399.512
5440	0.0915751	0.0952381	3.08425	4.00488	9.15751	9.52381	3.08425	400.488
5450	0.0891331	0.0964591	3.09035	4.01465	8.91331	9.64591	3.09035	401.465
5460	0.0879121	0.0964591	3.09646	4.0232	8.79121	9.64591	3.09646	402.32
5470	0.0854701	0.0964591	3.10379	4.03297	8.54701	9.64591	3.10379	403.297
5480	0.0842491	0.0964591	3.10867	4.04029	8.42491	9.64591	3.10867	404.029
5490	0.0818071	0.0976801	3.116	4.05006	8.18071	9.76801	3.116	405.006
5500	0.0805861	0.0976801	3.1221	4.05739	8.05861	9.76801	3.1221	405.739
5510	0.0793651	0.0976801	3.12698	4.06716	7.93651	9.76801	3.12698	406.716
5520	0.0781441	0.0989011	3.13309	4.07448	7.81441	9.89011	3.13309	407.448
5530	0.0757021	0.0989011	3.13919	4.08303	7.57021	9.89011	3.13919	408.303
5540	0.0744811	0.0989011	3.14408	4.09158	7.44811	9.89011	3.14408	409.158
5550	0.0732601	0.0989011	3.15018	4.0989	7.32601	9.89011	3.15018	409.89
5560	0.0720391	0.100122	3.15629	4.10867	7.20391	10.0122	3.15629	410.867
5570	0.0708181	0.100122	3.16239	4.11477	7.08181	10.0122	3.16239	411.477
5580	0.0695971	0.100122	3.16728	4.1221	6.95971	10.0122	3.16728	412.21
5590	0.0683761	0.100122	3.17338	4.13187	6.83761	10.0122	3.17338	413.187
5600	0.0659341	0.100122	3.17949	4.13797	6.59341	10.0122	3.17949	413.797
5610	0.0659341	0.100122	3.18437	4.14652	6.59341	10.0122	3.18437	414.652
5620	0.0647131	0.101343	3.18803	4.15263	6.47131	10.1343	3.18803	415.263
5630	0.0634921	0.101343	3.19536	4.16239	6.34921	10.1343	3.19536	416.239
5640	0.0622711	0.101343	3.20024	4.1685	6.22711	10.1343	3.20024	416.85
5650	0.0622711	0.101343	3.20635	4.1746	6.22711	10.1343	3.20635	417.46
5660	0.0610501	0.102564	3.21123	4.18437	6.10501	10.2564	3.21123	418.437
5670	0.0598291	0.102564	3.21734	4.19048	5.98291	10.2564	3.21734	419.048
5680	0.0586081	0.102564	3.22222	4.19902	5.86081	10.2564	3.22222	419.902
5690	0.0586081	0.102564	3.22711	4.20513	5.86081	10.2564	3.22711	420.513
5700	0.0573871	0.103785	3.23199	4.21368	5.73871	10.3785	3.23199	421.368
5710	0.0561661	0.103785	3.2381	4.221	5.61661	10.3785	3.2381	422.1
5720	0.0549451	0.103785	3.24298	4.22711	5.49451	10.3785	3.24298	422.711
5730	0.0537241	0.103785	3.24786	4.23565	5.37241	10.3785	3.24786	423.565
5740	0.0537241	0.103785	3.25397	4.24176	5.37241	10.3785	3.25397	424.176
5750	0.0525031	0.105006	3.25763	4.24908	5.25031	10.5006	3.25763	424.908
5760	0.0525031	0.105006	3.26374	4.25519	5.25031	10.5006	3.26374	425.519
5770	0.0500611	0.105006	3.26862	4.26252	5.00611	10.5006	3.26862	426.252
5780	0.0500611	0.105006	3.27473	4.26984	5.00611	10.5006	3.27473	426.984
5790	0.04884	0.105006	3.27839	4.27717	4.884	10.5006	3.27839	427.717
5800	0.04884	0.106227	3.28327	4.28327	4.884	10.6227	3.28327	428.327
5810	0.047619	0.107448	3.2906	4.2906	4.7619	10.7448	3.2906	429.06
5820	0.047619	0.107448	3.29304	4.29548	4.7619	10.7448	3.29304	429.548
5830	0.046398	0.106227	3.29915	4.30525	4.6398	10.6227	3.29915	430.525
5840	0.046398	0.107448	3.30159	4.31136	4.6398	10.7448	3.30159	431.136
5850	0.045177	0.107448	3.30769	4.31624	4.5177	10.7448	3.30769	431.624
5860	0.045177	0.107448	3.31136	4.32357	4.5177	10.7448	3.31136	432.357
5870	0.043956	0.107448	3.31746	4.32967	4.3956	10.7448	3.31746	432.967
5880	0.043956	0.108669	3.32112	4.337	4.3956	10.8669	3.32112	433.7
5890	0.042735	0.108669	3.32601	4.3431	4.2735	10.8669	3.32601	434.31
5900	0.042735	0.108669	3.33211	4.34921	4.2735	10.8669	3.33211	434.921
5910	0.041514	0.108669	3.33578	4.35531	4.1514	10.8669	3.33578	435.531
5920	0.041514	0.108669	3.34066	4.36264	4.1514	10.8669	3.34066	436.264
5930	0.041514	0.108669	3.34676	4.36752	4.1514	10.8669	3.34676	436.752
5940	0.040293	0.10989	3.34799	4.37485	4.0293	10.989	3.34799	437.485
5950	0.039072	0.10989	3.35287	4.37973	3.9072	10.989	3.35287	437.973
5960	0.039072	0.10989	3.35775	4.38706	3.9072	10.989	3.35775	438.706
5970	0.039072	0.10989	3.36142	4.39316	3.9072	10.989	3.36142	439.316
5980	0.039072	0.10989	3.3663	4.39805	3.9072	10.989	3.3663	439.805
5990	0.039072	0.111111	3.37118	4.40537	3.9072	11.1111	3.37118	440.537
6000	0.037851	0.111111	3.37607	4.41026	3.7851	11.1111	3.37607	441.026
6010	0.03663	0.111111	3.37851	4.41636	3.663	11.1111	3.37851	441.636
6020	0.03663	0.112332	3.38339	4.42247	3.663	11.2332	3.38339	442.247
6030	0.035409	0.112332	3.38828	4.42735	3.5409	11.2332	3.38828	442.735
6040	0.035409	0.112332	3.39194	4.43223	3.5409	11.2332	3.39194	443.223
6050	0.035409	0.112332	3.39683	4.43956	3.5409	11.2332	3.39683	443.956
6060	0.034188	0.112332	3.40171	4.44444	3.4188	11.2332	3.40171	444.444
6070	0.034188	0.113553	3.40415	4.45177	3.4188	11.3553	3.40415	445.177
6080	0.034188	0.112332	3.40904	4.45543	3.4188	11.2332	3.40904	445.543
6090	0.034188	0.113553	3.41392	4.46276	3.4188	11.3553	3.41392	446.276
6100	0.034188	0.113553	3.41758	4.46764	3.4188	11.3553	3.41758	446.764
6110	0.032967	0.113553	3.42125	4.47253	3.2967	11.3553	3.42125	447.253
6120	0.032967	0.113553	3.42491	4.47741	3.2967	11.3553	3.42491	447.741
6130	0.031746	0.113553	3.42857	4.48474	3.1746	11.3553	3.42857	448.474
6140	0.031746	0.113553	3.43346	4.48718	3.1746	11.3553	3.43346	448.718
6150	0.031746	0.114774	3.43712	4.49451	3.1746	11.4774	3.43712	449.451
6160	0.031746	0.113553	3.44078	4.49817	3.1746	11.3553	3.44078	449.817
6170	0.030525	0.114774	3.44444	4.50305	3.0525	11.4774	3.44444	450.305
6180	0.030525	0.114774	3.44933	4.51038	3.0525	11.4774	3.44933	451.038
